JJ PPM DIFF DIDD
1974.3795 333.34 1333.33 1333.33
1974.3986 332.95 1332.94 1332.94
1974.4178 332.32 1332.31 1332.31
1974.4370 332.18 1332.17 1332.17
1974.4562 332.37 1332.36 1332.36
1974.4753 331.59 1331.58 1331.58
1974.4945 331.68 1331.67 1331.67
1974.5137 331.44 1331.43 1331.43
1974.5329 330.85 1330.84 1330.84
1974.5521 330.76 1330.75 1330.75
1974.5712 329.80 1329.79 1329.79
1974.5904 329.85 1329.84 1329.84
1974.6096 329.05 1329.04 1329.04
1974.6288 329.06 1329.05 1329.05
1974.6479 328.33 1328.32 1328.32
1974.6671 328.05 1328.04 1328.04
1974.6863 327.57 1327.56 1327.56
1974.7055 326.73 1326.72 1326.72
1974.7247 326.96 1326.95 1326.95
1974.7438 327.31 1327.3 1327.3
1974.7630 327.07 1327.06 1327.06
1974.7822 327.23 1327.22 1327.22
1974.8014 327.40 1327.39 1327.39
1974.8205 327.64 1327.63 1327.63
1974.8397 327.80 1327.79 1327.79
1974.8589 328.50 1328.49 1328.49
1974.8781 328.56 1328.55 1328.55
1974.8973 328.46 1328.45 1328.45
1974.9164 328.76 1328.75 1328.75
1974.9356 329.39 1329.38 1329.38
1974.9548 329.77 1329.76 1329.76
1974.9740 329.96 1329.95 1329.95
1974.9932 330.38 1330.37 1330.37
1975.0123 330.43 1330.42 1330.42
1975.0315 330.59 1330.58 1330.58
1975.0507 330.80 1330.79 1330.79
1975.0699 331.22 1331.21 1331.21
1975.0890 331.64 1331.63 1331.63
1975.1082 331.12 1331.11 1331.11
1975.1274 331.41 1331.4 1331.4
1975.1466 331.96 1331.95 1331.95
1975.1658 331.73 1331.72 1331.72
1975.1849 331.61 1331.6 1331.6
1975.2041 332.11 1332.1 1332.1
1975.2233 331.86 1331.85 1331.85
1975.2425 333.30 1333.29 1333.29
1975.2616 332.79 1332.78 1332.78
1975.2808 333.31 1333.3 1333.3
1975.3000 333.39 1333.38 1333.38
1975.3192 333.49 1333.48 1333.48
1975.3384 333.94 1333.93 1333.93
1975.3575 334.25 1334.24 1334.24
1975.3767 333.45 1333.44 1333.44
1975.3959 334.00 1.05000000000001 1333.99
1975.4151 333.96 1.56 1333.95
1975.4342 333.32 1.13999999999999 1333.31
1975.4534 333.22 0.900000000000034 1333.21
1975.4726 333.47 1.77000000000004 1333.46
1975.4918 333.01 1.28999999999996 1333
1975.5110 332.32 0.829999999999984 1332.31
1975.5301 331.83 0.870000000000005 1331.82
1975.5493 331.36 0.569999999999993 1331.35
1975.5685 331.21 1.23999999999995 1331.2
1975.5877 331.01 1.07999999999998 1331
1975.6068 330.38 1.32999999999998 1330.37
1975.6260 329.48 0.270000000000039 1329.47
1975.6452 328.73 0.340000000000032 1328.72
1975.6644 329.24 1.16000000000003 1329.23
1975.6836 329.42 1.67000000000002 1329.41
1975.7027 327.95 1.09999999999997 1327.94
1975.7219 327.96 1.19 1327.95
1975.7411 327.97 0.450000000000045 1327.96
1975.7603 -999.99 -1326.97 0
1975.7795 328.35 1.14000000000004 1328.34
1975.7986 328.63 1.25 1328.62
1975.8178 328.80 1.21000000000004 1328.79
1975.8370 329.03 1.15999999999997 1329.02
1975.8562 329.01 0.779999999999973 1329
1975.8753 329.25 0.620000000000005 1329.24
1975.8945 330.18 1.74000000000001 1330.17
1975.9137 329.72 1 1329.71
1975.9329 -999.99 -1329.31 0
1975.9521 -999.99 -1329.66 0
1975.9712 -999.99 -1329.95 0
1975.9904 -999.99 -1330.26 0
1976.0096 331.33 0.789999999999964 1331.32
1976.0287 331.62 1 1331.61
1976.0478 331.66 1.11000000000001 1331.65
1976.0669 331.87 0.519999999999982 1331.86
1976.0861 332.45 0.930000000000007 1332.44
1976.1052 332.51 1.31999999999999 1332.5
1976.1243 332.64 1.33999999999997 1332.63
1976.1434 333.49 1.65000000000003 1333.48
1976.1626 332.43 0.490000000000009 1332.42
1976.1817 332.99 1.37 1332.98
1976.2008 333.56 1.56 1333.55
1976.2199 334.15 2.23999999999995 1334.14
1976.2391 334.67 1.18000000000001 1334.66
1976.2582 335.06 2.31 1335.05
1976.2773 333.65 0.289999999999964 1333.64
1976.2964 334.50 1.05000000000001 1334.49
1976.3156 334.93 1.67000000000002 1334.92
1976.3347 334.17 0.180000000000007 1334.16
1976.3538 334.33 0.120000000000005 1334.32
1976.3730 335.29 1.83000000000004 1335.28
1976.3921 335.38 1.38999999999999 1335.37
1976.4112 334.43 0.509999999999991 1334.42
1976.4303 334.25 0.870000000000005 1334.24
1976.4495 334.18 0.870000000000005 1334.17
1976.4686 334.02 0.599999999999966 1334.01
1976.4877 -999.99 -1333.04 0
1976.5068 333.59 1.15999999999997 1333.58
1976.5260 333.48 1.47000000000003 1333.47
1976.5451 332.41 1.12 1332.4
1976.5642 332.24 0.990000000000009 1332.23
1976.5833 331.69 0.680000000000007 1331.68
1976.6025 330.70 0.310000000000002 1330.69
1976.6216 330.44 0.71999999999997 1330.43
1976.6407 330.23 1.44 1330.22
1976.6598 330.43 1.36000000000001 1330.42
1976.6790 329.54 0.0500000000000114 1329.53
1976.6981 329.54 1.61000000000001 1329.53
1976.7172 328.58 0.599999999999966 1328.57
1976.7363 328.03 0.0599999999999454 1328.02
1976.7555 328.55 1328.54 1328.54
1976.7746 328.54 0.189999999999998 1328.53
1976.7937 329.27 0.639999999999986 1329.26
1976.8128 328.77 0.120000000000005 1328.76
1976.8320 329.32 0.189999999999998 1329.31
1976.8511 330.46 1.47999999999996 1330.45
1976.8702 330.17 0.920000000000016 1330.16
1976.8893 330.55 0.28000000000003 1330.54
1976.9085 330.68 0.78000000000003 1330.67
1976.9276 331.19 1331.18 1331.18
1976.9467 332.39 1332.38 1332.38
1976.9658 331.70 1331.69 1331.69
1976.9850 332.39 1332.38 1332.38
1977.0041 332.29 0.900000000000034 1332.28
1977.0233 332.49 0.970000000000027 1332.48
1977.0425 332.88 1.17000000000002 1332.87
1977.0616 332.98 1.18000000000001 1332.97
1977.0808 332.93 0.579999999999984 1332.92
1977.1000 333.21 0.829999999999984 1333.2
1977.1192 333.15 0.449999999999989 1333.14
1977.1384 333.09 -0.330000000000041 1333.08
1977.1575 334.34 1.78999999999996 1334.33
1977.1767 334.27 1.33999999999997 1334.26
1977.1959 335.18 1.59000000000003 1335.17
1977.2151 335.32 1.63 1335.31
1977.2342 335.16 0.520000000000039 1335.15
1977.2534 335.96 0.899999999999977 1335.95
1977.2726 335.85 1.83000000000004 1335.84
1977.2918 336.30 1.79000000000002 1336.29
1977.3110 336.58 1.69999999999999 1336.57
1977.3301 337.00 2.50999999999999 1336.99
1977.3493 336.58 2.34999999999997 1336.57
1977.3685 337.14 2.16999999999996 1337.13
1977.3877 336.97 1.60000000000002 1336.96
1977.4068 336.63 2.13 1336.62
1977.4260 336.12 1.94999999999999 1336.11
1977.4452 336.01 1.76999999999998 1336
1977.4644 336.34 2.31999999999999 1336.33
1977.4836 335.74 1335.73 1335.73
1977.5027 335.46 1.69 1335.45
1977.5219 335.23 1.85000000000002 1335.22
1977.5411 334.59 2.09999999999997 1334.58
1977.5603 334.09 1.82999999999998 1334.08
1977.5795 333.42 1.60000000000002 1333.41
1977.5986 332.54 1.59000000000003 1332.53
1977.6178 332.84 2.47999999999996 1332.83
1977.6370 331.82 1.58999999999997 1331.81
1977.6562 332.25 1.81999999999999 1332.24
1977.6753 331.18 1.63999999999999 1331.17
1977.6945 331.49 1.94999999999999 1331.48
1977.7137 330.94 2.25999999999999 1330.93
1977.7329 330.92 3.16000000000003 1330.91
1977.7521 330.93 2.28000000000003 1330.92
1977.7712 331.54 3 1331.53
1977.7904 331.27 2 1331.26
1977.8096 331.36 2.52000000000004 1331.35
1977.8288 331.87 2.55000000000001 1331.86
1977.8479 332.08 1.44999999999999 1332.07
1977.8671 332.53 2.41999999999996 1332.52
1977.8863 332.92 2.42000000000002 1332.91
1977.9055 332.65 1.92999999999995 1332.64
1977.9247 333.34 2.46999999999997 1333.33
1977.9438 333.40 1.29999999999995 1333.39
1977.9630 334.03 2.38 1334.02
1977.9822 333.99 1.62 1333.98
1978.0014 334.66 2.34000000000003 1334.65
1978.0205 334.56 2.11000000000001 1334.55
1978.0397 334.94 2.20999999999998 1334.93
1978.0589 335.68 2.69999999999999 1335.67
1978.0781 335.23 2.20000000000005 1335.22
1978.0973 334.74 1.53000000000003 1334.73
1978.1164 335.27 2.07999999999998 1335.26
1978.1356 335.50 2.44 1335.49
1978.1548 335.95 1.96999999999997 1335.94
1978.1740 336.06 1.73000000000002 1336.05
1978.1932 336.73 1.58000000000004 1336.72
1978.2123 336.91 1.51000000000005 1336.9
1978.2315 337.29 2.28000000000003 1337.28
1978.2507 337.33 1.37 1337.32
1978.2699 338.00 2.45999999999998 1337.99
1978.2890 337.62 1.30000000000001 1337.61
1978.3082 337.87 1.44 1337.86
1978.3274 338.27 0.979999999999961 1338.26
1978.3466 338.04 1.49000000000001 1338.03
1978.3658 337.89 0.740000000000009 1337.88
1978.3849 337.79 0.819999999999993 1337.78
1978.4041 338.44 1.71999999999997 1338.43
1978.4233 338.46 2.33999999999997 1338.45
1978.4425 338.12 2 1338.11
1978.4616 337.62 1.28000000000003 1337.61
1978.4808 337.47 1.69000000000005 1337.46
1978.5000 336.55 1.09000000000003 1336.54
1978.5192 336.79 1.52000000000004 1336.78
1978.5384 336.34 1.51999999999998 1336.33
1978.5575 335.74 1.57999999999998 1335.73
1978.5767 335.43 1.79000000000002 1335.42
1978.5959 334.64 2.06 1334.63
1978.6151 334.69 1.85000000000002 1334.68
1978.6342 334.21 2.38999999999999 1334.2
1978.6534 333.78 1.52999999999997 1333.77
1978.6726 332.81 1.63 1332.8
1978.6918 331.86 0.420000000000016 1331.85
1978.7110 331.75 0.810000000000002 1331.74
1978.7301 332.81 1.76999999999998 1332.8
1978.7493 332.21 1.25 1332.2
1978.7685 331.85 0.430000000000007 1331.84
1978.7877 332.66 1.34000000000003 1332.65
1978.8068 332.77 1.5 1332.76
1978.8260 333.22 1.40000000000003 1333.21
1978.8452 333.57 1.52999999999997 1333.56
1978.8644 333.60 1.13 1333.59
1978.8836 334.12 1.24000000000001 1334.11
1978.9027 334.10 1.44 1334.09
1978.9219 334.46 1.26999999999998 1334.45
1978.9411 334.96 1.38999999999999 1334.95
1978.9603 335.20 1.32999999999998 1335.19
1978.9795 335.07 1.00999999999999 1335.06
1978.9986 335.20 0.680000000000007 1335.19
1979.0178 335.48 0.990000000000009 1335.47
1979.0370 336.64 1.65999999999997 1336.63
1979.0562 336.93 1.63999999999999 1336.92
1979.0753 337.02 1.65999999999997 1337.01
1979.0945 336.61 1.72000000000003 1336.6
1979.1137 336.52 1.25 1336.51
1979.1329 336.76 1.33999999999997 1336.75
1979.1521 336.97 1.07000000000005 1336.96
1979.1712 337.93 1.85000000000002 1337.92
1979.1904 338.10 1.48000000000002 1338.09
1979.2096 338.65 1.88999999999999 1338.64
1979.2288 338.97 1.64000000000004 1338.96
1979.2479 338.87 1.54000000000002 1338.86
1979.2671 338.78 0.879999999999995 1338.77
1979.2863 338.77 1.16999999999996 1338.76
1979.3055 339.38 1.48000000000002 1339.37
1979.3247 339.56 1.29000000000002 1339.55
1979.3438 338.60 0.650000000000034 1338.59
1979.3630 339.19 1.16000000000003 1339.18
1979.3822 -999.99 -1337.79 0
1979.4014 339.80 1.56 1339.79
1979.4205 339.74 1.25999999999999 1339.73
1979.4397 339.03 0.909999999999968 1339.02
1979.4589 339.13 1.37 1339.12
1979.4781 338.92 1.47000000000003 1338.91
1979.4973 338.14 1.62 1338.13
1979.5164 337.70 0.879999999999995 1337.69
1979.5356 337.91 1.47000000000003 1337.9
1979.5548 336.67 0.879999999999995 1336.66
1979.5740 336.84 1.35999999999996 1336.83
1979.5932 336.35 1.64000000000004 1336.34
1979.6123 336.18 1.49000000000001 1336.17
1979.6315 334.81 0.470000000000027 1334.8
1979.6507 335.25 1.39999999999998 1335.24
1979.6699 333.74 1.26999999999998 1333.73
1979.6890 334.40 2.35999999999996 1334.39
1979.7082 333.61 1.68000000000001 1333.6
1979.7274 333.61 1.08000000000004 1333.6
1979.7466 334.10 1.77000000000004 1334.09
1979.7658 334.53 2.67999999999995 1334.52
1979.7849 334.09 1.56999999999999 1334.08
1979.8041 334.12 1.36000000000001 1334.11
1979.8233 334.54 1.45000000000005 1334.53
1979.8425 334.80 1.30000000000001 1334.79
1979.8616 335.34 1.72999999999996 1335.33
1979.8808 335.63 1.62 1335.62
1979.9000 335.88 1.75 1335.87
1979.9192 336.39 1.93000000000001 1336.38
1979.9384 336.72 1.78000000000003 1336.71
1979.9575 337.01 1.88999999999999 1337
1979.9767 337.18 2.03000000000003 1337.17
1979.9959 337.53 2.34999999999997 1337.52
1980.0150 337.40 2.09999999999997 1337.39
1980.0342 337.71 1.07999999999998 1337.7
1980.0533 338.65 1.79999999999995 1338.64
1980.0724 337.89 0.870000000000005 1337.88
1980.0915 338.47 1.79000000000002 1338.46
1980.1107 338.19 1.69999999999999 1338.18
1980.1298 338.35 1.62 1338.34
1980.1489 338.91 1.98000000000002 1338.9
1980.1680 339.51 1.78999999999996 1339.5
1980.1872 339.83 1.70999999999998 1339.82
1980.2063 339.51 1.42000000000002 1339.5
1980.2254 340.84 1.79999999999995 1340.83
1980.2445 340.64 1.56 1340.63
1980.2637 340.76 1.76999999999998 1340.75
1980.2828 340.98 2.36000000000001 1340.97
1980.3019 341.15 1.82999999999998 1341.14
1980.3210 341.35 1.66000000000003 1341.34
1980.3402 341.39 2.69 1341.38
1980.3593 341.71 2.63 1341.7
1980.3784 341.45 1.90999999999997 1341.44
1980.3975 341.32 1.74000000000001 1341.31
1980.4167 341.64 1.82999999999998 1341.63
1980.4358 341.61 2.53000000000003 1341.6
1980.4549 341.50 2.39999999999998 1341.49
1980.4740 340.76 1.88 1340.75
1980.4932 340.40 2.13999999999999 1340.39
1980.5123 339.42 1.64000000000004 1339.41
1980.5314 339.31 1.36000000000001 1339.3
1980.5505 338.77 1.96999999999997 1338.76
1980.5697 338.81 1.94 1338.8
1980.5888 336.78 0.379999999999995 1336.77
1980.6079 338.07 1.84999999999997 1338.06
1980.6270 338.36 3.36000000000001 1338.35
1980.6462 337.21 2.31999999999999 1337.2
1980.6653 336.90 2.69999999999999 1336.89
1980.6844 336.24 1.38999999999999 1336.23
1980.7036 336.24 2.63 1336.23
1980.7227 335.36 2.02000000000004 1335.35
1980.7418 335.99 1.87 1335.98
1980.7609 335.72 1.15000000000003 1335.71
1980.7801 336.11 2 1336.1
1980.7992 336.51 2.44999999999999 1336.5
1980.8183 336.69 2.23000000000002 1336.68
1980.8374 336.97 2.24000000000001 1336.96
1980.8566 337.49 2.26999999999998 1337.48
1980.8757 337.20 1.52999999999997 1337.19
1980.8948 337.64 1.81 1337.63
1980.9139 337.88 1.5 1337.87
1980.9331 338.11 1.48000000000002 1338.1
1980.9522 338.50 1.55000000000001 1338.49
1980.9713 338.52 1.25 1338.51
1980.9904 338.60 1.17000000000002 1338.59
1981.0096 339.12 1.69 1339.11
1981.0288 339.25 1.74000000000001 1339.24
1981.0479 339.55 0.840000000000032 1339.54
1981.0671 339.67 1.73000000000002 1339.66
1981.0863 339.89 1.51999999999998 1339.88
1981.1055 340.70 2.63 1340.69
1981.1247 340.18 1.72000000000003 1340.17
1981.1438 341.34 2.75 1341.33
1981.1630 341.23 1.41000000000003 1341.22
1981.1822 340.97 1.32000000000005 1340.96
1981.2014 341.53 1.94 1341.52
1981.2205 342.49 1.74000000000001 1342.48
1981.2397 342.23 1.48000000000002 1342.22
1981.2589 342.62 1.94 1342.61
1981.2781 342.80 1.75 1342.79
1981.2973 342.54 1.46000000000004 1342.53
1981.3164 342.71 1.41999999999996 1342.7
1981.3356 343.08 1.38999999999999 1343.07
1981.3548 343.04 1.64000000000004 1343.03
1981.3740 342.95 1.20999999999998 1342.94
1981.3932 343.00 1.86000000000001 1342.99
1981.4123 342.87 1.22000000000003 1342.86
1981.4315 342.83 1.16999999999996 1342.82
1981.4507 342.40 0.789999999999964 1342.39
1981.4699 342.19 1.44 1342.18
1981.4890 341.71 1.31 1341.7
1981.5082 341.30 1.88 1341.29
1981.5274 340.54 1.20000000000005 1340.53
1981.5466 340.72 1.81 1340.71
1981.5658 340.05 1.30000000000001 1340.04
1981.5849 339.30 2.04000000000002 1339.29
1981.6041 338.98 0.960000000000036 1338.97
1981.6233 338.18 -0.149999999999977 1338.17
1981.6425 337.25 -0.850000000000023 1337.24
1981.6616 337.60 1.49000000000001 1337.59
1981.6808 337.10 0.810000000000002 1337.09
1981.7000 336.92 0.550000000000011 1336.91
1981.7192 336.84 1.90999999999997 1336.83
1981.7384 336.24 0.0600000000000023 1336.23
1981.7575 336.66 0.920000000000016 1336.65
1981.7767 337.11 1.06 1337.1
1981.7959 337.22 0.82000000000005 1337.21
1981.8151 337.68 1.03000000000003 1337.67
1981.8342 338.13 1.17000000000002 1338.12
1981.8534 338.29 0.970000000000027 1338.28
1981.8726 338.43 1.25 1338.42
1981.8918 339.23 1.63 1339.22
1981.9110 339.72 2.12 1339.71
1981.9301 339.70 1.56999999999999 1339.69
1981.9493 339.64 1.13999999999999 1339.63
1981.9685 340.03 1.55999999999995 1340.02
1981.9877 340.51 1.86000000000001 1340.5
1982.0068 340.59 1.58999999999997 1340.58
1982.0260 340.75 1.51999999999998 1340.74
1982.0452 340.80 1.28000000000003 1340.79
1982.0644 341.64 2 1341.63
1982.0836 341.77 2.04999999999995 1341.76
1982.1027 341.58 0.870000000000005 1341.57
1982.1219 341.34 1.02999999999997 1341.33
1982.1411 341.97 0.930000000000007 1341.96
1982.1603 342.71 1.27999999999997 1342.7
1982.1795 342.47 1.43000000000001 1342.46
1982.1986 342.71 1.34999999999997 1342.7
1982.2178 -999.99 -1342.36 0
1982.2370 342.84 0.629999999999995 1342.83
1982.2562 343.37 0.78000000000003 1343.36
1982.2753 -999.99 -1342.65 0
1982.2945 -999.99 -1342.65 0
1982.3137 344.91 2.35000000000002 1344.9
1982.3329 344.24 1.11000000000001 1344.23
1982.3521 344.81 1.78000000000003 1344.8
1982.3712 344.67 1.69 1344.66
1982.3904 344.81 1.81999999999999 1344.8
1982.4096 343.96 1.13999999999999 1343.95
1982.4288 344.05 1.16000000000003 1344.04
1982.4479 344.07 1.59999999999997 1344.06
1982.4671 343.40 1.07999999999998 1343.39
1982.4863 343.28 1.50999999999999 1343.27
1982.5055 342.91 1.55000000000001 1342.9
1982.5247 342.27 1.41999999999996 1342.26
1982.5438 342.09 1.58999999999997 1342.08
1982.5630 341.76 1.55000000000001 1341.75
1982.5822 341.06 1.73000000000002 1341.05
1982.6014 340.60 1.53000000000003 1340.59
1982.6205 340.43 1.92000000000002 1340.42
1982.6397 339.15 2.10999999999996 1339.14
1982.6589 338.88 1.13 1338.87
1982.6781 338.74 1.63 1338.73
1982.6973 338.96 2.19999999999999 1338.95
1982.7164 337.24 0.180000000000007 1337.23
1982.7356 337.51 1.36000000000001 1337.5
1982.7548 337.81 1.19999999999999 1337.8
1982.7740 337.96 0.889999999999986 1337.95
1982.7932 338.25 0.850000000000023 1338.24
1982.8123 339.22 1.79000000000002 1339.21
1982.8315 339.02 0.889999999999986 1339.01
1982.8507 339.26 1.01999999999998 1339.25
1982.8699 339.56 1.19999999999999 1339.55
1982.8890 340.37 1.26999999999998 1340.36
1982.9082 339.82 0.20999999999998 1339.81
1982.9274 340.57 0.810000000000002 1340.56
1982.9466 340.81 1.24000000000001 1340.8
1982.9658 341.35 1.5 1341.34
1982.9849 341.42 0.930000000000007 1341.41
1983.0041 341.69 1.13 1341.68
1983.0233 342.18 1.45999999999998 1342.17
1983.0425 341.44 0.610000000000014 1341.43
1983.0616 341.72 0.0200000000000387 1341.71
1983.0808 342.08 0.439999999999998 1342.07
1983.1000 342.78 1.05999999999995 1342.77
1983.1192 343.05 1.73000000000002 1343.04
1983.1384 343.03 1.20999999999998 1343.02
1983.1575 342.71 0.120000000000005 1342.7
1983.1767 342.63 0.089999999999975 1342.62
1983.1959 343.74 1.06999999999999 1343.73
1983.2151 344.93 1344.92 1344.92
1983.2342 343.74 0.900000000000034 1343.73
1983.2534 344.74 1.44999999999999 1344.73
1983.2726 345.03 1.31999999999999 1345.02
1983.2918 345.60 1345.59 1345.59
1983.3110 345.82 0.899999999999977 1345.81
1983.3301 345.64 1.26999999999998 1345.63
1983.3493 345.94 1.13 1345.93
1983.3685 346.36 1.79000000000002 1346.35
1983.3877 346.07 1.30000000000001 1346.06
1983.4068 345.95 1.71999999999997 1345.94
1983.4260 346.09 2.08999999999997 1346.08
1983.4452 345.73 1.71000000000004 1345.72
1983.4644 345.39 1.89999999999998 1345.38
1983.4836 344.96 1.62 1344.95
1983.5027 345.02 2.04999999999995 1345.01
1983.5219 344.31 1.88999999999999 1344.3
1983.5411 344.10 2.08000000000004 1344.09
1983.5603 343.39 1.63 1343.38
1983.5795 342.75 1.58999999999997 1342.74
1983.5986 -999.99 -1340.73 0
1983.6178 342.06 1.64999999999998 1342.05
1983.6370 341.89 2.49000000000001 1341.88
1983.6562 340.95 2.19999999999999 1340.94
1983.6753 340.34 1.50999999999999 1340.33
1983.6945 340.23 1.35000000000002 1340.22
1983.7137 340.29 2.67000000000002 1340.28
1983.7329 340.39 2.94999999999999 1340.38
1983.7521 339.98 2.25999999999999 1339.97
1983.7712 340.20 2.07999999999998 1340.19
1983.7904 340.82 2.67000000000002 1340.81
1983.8096 340.67 1.59000000000003 1340.66
1983.8288 341.07 2.13 1341.06
1983.8479 341.37 2.13999999999999 1341.36
1983.8671 341.66 2.08000000000004 1341.65
1983.8863 341.71 1.37 1341.7
1983.9055 342.24 2.44999999999999 1342.23
1983.9247 342.48 2.05000000000001 1342.47
1983.9438 342.74 1.98000000000002 1342.73
1983.9630 343.43 2.19 1343.42
1983.9822 343.63 2.10000000000002 1343.62
1984.0014 344.09 2.47999999999996 1344.08
1984.0205 343.78 1.79999999999995 1343.77
1984.0396 343.98 2.38 1343.97
1984.0587 344.39 2.65999999999997 1344.38
1984.0779 344.59 2.58999999999997 1344.58
1984.0970 344.86 2.19 1344.85
1984.1161 344.67 1.55000000000001 1344.66
1984.1352 344.98 2.08000000000004 1344.97
1984.1544 344.91 1.98000000000002 1344.9
1984.1735 345.23 2.59000000000003 1345.22
1984.1926 345.52 2.02999999999997 1345.51
1984.2117 345.66 0.710000000000036 1345.65
1984.2309 345.76 2.21999999999997 1345.75
1984.2500 -999.99 -1344.64 0
1984.2691 -999.99 -1345.04 0
1984.2883 -999.99 -1345.52 0
1984.3074 -999.99 -1345.73 0
1984.3265 347.60 1.98000000000002 1347.59
1984.3456 347.36 1.41000000000003 1347.35
1984.3648 347.86 1.50999999999999 1347.85
1984.3839 347.53 1.42999999999995 14.21
1984.4030 347.51 1.55000000000001 14.64
1984.4221 347.07 0.96999999999997 14.75
1984.4413 347.36 1.46000000000004 15.22
1984.4604 346.97 1.69000000000005 14.58
1984.4795 346.50 1.39999999999998 14.97
1984.4986 346.21 1.15999999999997 14.56
1984.5178 346.07 1.63999999999999 14.63
1984.5369 345.35 1.25 14.54
1984.5560 344.89 1.34999999999997 14.11
1984.5751 344.74 2.13999999999999 14.85
1984.5943 344.35 0.550000000000011 14.76
1984.6134 344.12 2.06 15
1984.6325 343.05 1.30000000000001 14.1
1984.6516 342.12 0.399999999999977 13.87
1984.6708 340.88 0.550000000000011 12.86
1984.6899 341.10 0.640000000000043 13.63
1984.7090 341.87 1.86000000000001 15.23
1984.7281 341.24 0.439999999999998 14.18
1984.7473 341.90 1.96999999999997 14.64
1984.7664 341.16 1 14.06
1984.7855 341.99 1.17000000000002 14.72
1984.8046 341.91 1.31 14.46
1984.8238 342.06 1.11000000000001 14.38
1984.8429 342.60 1.24000000000001 14.8
1984.8620 343.08 1.51999999999998 14.38
1984.8811 343.53 1.81999999999999 15.07
1984.9003 343.48 1.31 14.99
1984.9194 -999.99 -1342.47 -1328.89
1984.9385 344.64 2.02999999999997 15.22
1984.9577 344.93 1.55000000000001 15.09
1984.9768 344.70 1.08999999999997 14.77
1984.9959 345.24 1.47000000000003 14.72
1985.0151 345.30 1.21000000000004 14.9
1985.0342 345.18 1.30000000000001 14.57
1985.0534 345.18 0.939999999999998 14.22
1985.0726 345.62 1.06 14.49
1985.0918 346.01 1.12 14.37
1985.1110 345.72 0.990000000000009 14.67
1985.1301 346.49 1.56 14.86
1985.1493 346.72 1.94000000000005 14.85
1985.1685 347.21 1.98999999999995 15.52
1985.1877 347.57 2.05000000000001 15.95
1985.2068 347.92 2.39000000000004 15.82
1985.2260 348.34 2.23999999999995 16.55
1985.2452 348.23 1348.22 15.03
1985.2644 348.24 1348.23 15.43
1985.2836 347.94 1347.93 14.68
1985.3027 348.69 1348.68 15.31
1985.3219 348.96 1.35999999999996 15.33
1985.3411 349.24 1.71000000000004 15.3
1985.3603 349.10 1.33000000000004 14.95
1985.3795 349.07 1.56 15.53
1985.3986 348.91 1.40000000000003 14.86
1985.4178 348.86 1.83000000000004 14.95
1985.4370 348.55 1.19999999999999 15.45
1985.4562 348.37 1.39999999999998 15.12
1985.4753 347.79 1.27000000000004 14.37
1985.4945 347.24 1.00999999999999 14.26
1985.5137 347.10 1.01000000000005 14.95
1985.5329 346.89 1.31999999999999 15.03
1985.5521 346.47 1.61000000000001 15.11
1985.5712 345.86 1.11000000000001 14.69
1985.5904 345.33 1.00999999999999 14.31
1985.6096 344.23 -0.199999999999989 13.85
1985.6288 344.61 1.34000000000003 15.15
1985.6479 344.76 2.63999999999999 16.16
1985.6671 344.14 2.87 14.78
1985.6863 343.61 2.84000000000003 14.31
1985.7055 343.38 1.50999999999999 15.57
1985.7247 342.29 0.939999999999998 14.27
1985.7438 342.34 0.769999999999982 14.4299999999999
1985.7630 342.92 1.75999999999999 1342.91
1985.7822 342.95 0.95999999999998 14.59
1985.8014 343.48 1.45000000000005 14.79
1985.8205 343.75 1.74000000000001 14.8
1985.8397 343.76 1.33999999999997 14.82
1985.8589 344.36 1.25 15.32
1985.8781 344.81 1.43000000000001 15.5
1985.8973 345.29 1.35000000000002 15.26
1985.9164 345.29 2.28000000000003 1345.28
1985.9356 345.90 1.25999999999999 1345.89
1985.9548 345.88 0.949999999999989 1345.87
1985.9740 346.04 1.46000000000004 1346.03
1985.9932 346.68 1.50999999999999 1346.67
1986.0123 346.55 1.38 15.26
1986.0315 346.41 1.14000000000004 14.7
1986.0507 346.78 1.53999999999996 15.13
1986.0699 346.50 1.11000000000001 14.51
1986.0890 346.93 0.730000000000018 14.45
1986.1082 347.22 1.56 14.65
1986.1274 347.63 1.25 14.85
1986.1466 347.44 0.759999999999991 14.14
1986.1658 346.98 -0.359999999999957 14.59
1986.1849 347.11 -0.289999999999964 13.8
1986.2041 347.88 -0.0400000000000205 14.49
1986.2233 349.34 1 15.19
1986.2425 349.01 0.769999999999982 14.29
1986.2616 349.60 1.21000000000004 15.03
1986.2808 349.79 1.92000000000002 15.53
1986.3000 350.08 1.38999999999999 15.58
1986.3192 350.51 1.62 15.45
1986.3384 350.17 0.949999999999989 15.95
1986.3575 350.59 1.63999999999999 16.27
1986.3767 350.64 1.06999999999999 15.36
1986.3959 350.10 1.37 14.86
1986.4151 350.30 1.38 15.88
1986.4342 350.29 1.73000000000002 16.08
1986.4534 350.04 1.59000000000003 15.93
1986.4726 349.58 1.75 15.46
1986.4918 349.05 1.79000000000002 1349.04
1986.5110 348.81 1.67000000000002 15.27
1986.5301 347.61 0.699999999999989 14.06
1986.5493 347.86 1.28000000000003 15.39
1986.5685 347.74 1.76999999999998 15.62
1986.5877 346.70 1.37 15.01
1986.6068 346.21 1.97999999999996 15.53
1986.6260 345.66 1.15000000000003 15.26
1986.6452 345.65 0.589999999999975 15.46
1986.6644 345.22 1.25 14.79
1986.6836 345.64 1.87 15.94
1986.7027 345.74 2.16000000000003 16.69
1986.7219 344.44 2.11000000000001 16.18
1986.7411 344.86 2.58000000000004 16.31
1986.7603 344.17 1.35000000000002 15.56
1986.7795 344.37 1.45999999999998 15.98
1986.7986 344.46 1.12 15.34
1986.8178 345.27 1.56 16.43
1986.8370 345.47 1.74000000000001 16.15
1986.8562 345.98 1.75999999999999 15.55
1986.8753 345.91 1.15000000000003 15.71
1986.8945 346.27 1.04999999999995 15.71
1986.9137 347.12 1.88 16.43
1986.9329 347.04 1.49000000000001 15.85
1986.9521 347.09 0.849999999999966 14.99
1986.9712 347.23 1.24000000000001 15.41
1986.9904 347.57 1.04000000000002 15.18
1987.0096 348.05 1.46000000000004 15.78
1987.0288 348.79 2.39000000000004 16.24
1987.0479 348.55 1.71000000000004 15.57
1987.0671 348.97 2.46000000000004 16.08
1987.0863 348.41 1.58000000000004 15.39
1987.1055 348.19 0.930000000000007 14.98
1987.1247 348.91 1.47000000000003 15.8200000000001
1987.1438 349.55 1.98000000000002 16.31
1987.1630 349.08 2.02999999999997 14.54
1987.1822 349.43 2.44999999999999 15.14
1987.2014 350.00 2.12 14.65
1987.2205 350.38 1.04000000000002 15.18
1987.2397 351.10 2.12 15.87
1987.2589 350.74 1.06999999999999 14.78
1987.2781 351.07 1.62 15.09
1987.2973 351.63 1.67000000000002 15.4
1987.3164 351.73 1.20000000000005 15.01
1987.3356 352.14 1.84999999999997 15.06
1987.3548 352.07 1.74000000000001 15.34
1987.3740 352.02 1.39999999999998 14.91
1987.3932 352.32 2.21999999999997 15.4
1987.4123 352.11 1.75 15.61
1987.4315 351.74 1.55000000000001 15.59
1987.4507 351.35 1.38 15.46
1987.4699 351.35 1.62 14.98
1987.4890 350.58 1.44 14.85
1987.5082 350.77 1.96999999999997 15.38
1987.5274 349.69 2.07999999999998 14.51
1987.5466 350.21 2.40999999999997 15.85
1987.5658 349.72 1.90000000000003 15.66
1987.5849 347.29 0.590000000000032 14.08
1987.6041 348.77 2.46999999999997 16.25
1987.6233 348.22 2.56 15.4
1987.6425 347.77 1.97999999999996 15.73
1987.6616 346.80 1.30000000000001 14.65
1987.6808 346.55 1.57999999999998 15.38
1987.7000 346.81 1.06999999999999 15.33
1987.7192 345.76 1.30000000000001 14.91
1987.7384 346.22 1.36000000000001 15.3
1987.7575 346.36 2.19999999999999 15.43
1987.7767 346.56 2.19 15.04
1987.7959 346.96 2.44999999999999 15.81
1987.8151 346.89 1.91999999999996 15.39
1987.8342 347.38 1.86000000000001 15.48
1987.8534 347.51 1.59999999999997 15.31
1987.8726 348.07 2.13999999999999 15.58
1987.8918 348.71 2.54999999999995 15.76
1987.9110 348.75 1.74000000000001 15.99
1987.9301 348.73 1.64000000000004 15.39
1987.9493 349.23 2.15000000000003 15.77
1987.9685 349.37 2.16000000000003 15.35
1987.9877 349.76 2.26999999999998 15.68
1988.0068 350.14 2.25 15.35
1988.0260 350.28 1.47999999999996 15.65
1988.0451 350.54 1.92000000000002 15.61
1988.0642 350.71 1.77999999999997 15.2
1988.0833 351.72 3.33000000000004 16.5
1988.1025 351.26 3.09999999999997 16.44
1988.1216 351.24 2.35000000000002 15.8
1988.1407 352.16 2.64000000000004 16.8200000000001
1988.1598 353.04 4.04000000000002 16.92
1988.1790 352.40 2.95999999999998 16.3
1988.1981 351.95 2.19999999999999 15.16
1988.2172 351.74 1.54000000000002 14.74
1988.2363 353.05 1.91000000000003 15.71
1988.2555 353.38 2.62 16.19
1988.2746 353.52 2.62 15.54
1988.2937 353.61 1.96000000000004 16.02
1988.3128 354.40 2.67999999999995 16.39
1988.3320 353.92 2.00999999999999 15.66
1988.3511 354.19 2.07999999999998 16.13
1988.3702 354.19 2.13999999999999 16.38
1988.3893 354.65 2.38 16.79
1988.4085 353.94 1.82999999999998 15.4
1988.4276 354.28 2.46999999999997 16.1
1988.4467 353.66 2.30000000000001 15.54
1988.4658 353.34 1.92999999999995 15.77
1988.4850 353.31 2.61000000000001 16.09
1988.5041 352.84 2.06999999999999 16.15
1988.5232 352.99 3.03000000000003 16.15
1988.5423 352.93 2.72000000000003 16.76
1988.5615 351.99 1.94999999999999 16.31
1988.5806 350.89 2.95999999999998 15.6
1988.5997 350.82 1.94999999999999 16.19
1988.6189 350.14 1.69999999999999 15.57
1988.6380 350.18 2.38 15.97
1988.6571 349.53 2.85999999999996 15.75
1988.6762 348.85 2.20000000000005 16.34
1988.6954 349.13 2.37 17.22
1988.7145 348.86 2.92000000000002 16.92
1988.7336 348.75 2.48000000000002 16.03
1988.7527 348.95 2.68000000000001 16.76
1988.7719 348.69 2.29000000000002 16.79
1988.7910 349.30 2.47000000000003 16.58
1988.8101 349.45 2.57999999999998 16.66
1988.8292 349.77 2.53999999999996 16.55
1988.8484 349.86 2.30000000000001 16.29
1988.8675 350.15 2.17999999999995 16.54
1988.8866 350.56 1.89999999999998 16.36
1988.9057 350.61 1.85000000000002 16.52
1988.9249 350.90 2.21999999999997 16.41
1988.9440 351.44 2.24000000000001 16.55
1988.9631 351.57 2.20999999999998 16.27
1988.9822 352.08 2.39999999999998 16.94
1989.0014 352.48 2.40000000000003 17.3
1989.0205 353.15 2.85999999999996 17.48
1989.0397 353.00 2.48000000000002 16.33
1989.0589 352.67 2 15.73
1989.0781 353.31 1.58999999999997 16.39
1989.0973 352.80 1.54000000000002 16.18
1989.1164 353.29 2 16.75
1989.1356 353.62 1.74000000000001 16.77
1989.1548 353.77 0.75 16.73
1989.1740 353.63 1.00999999999999 15.67
1989.1932 353.58 1.70999999999998 15.48
1989.2123 354.09 2.51999999999998 15.21
1989.2315 354.78 1.91999999999996 15.91
1989.2507 354.75 1.37 15.93
1989.2699 355.40 1.82999999999998 16.69
1989.2890 356.08 2.56999999999999 17.24
1989.3082 356.32 2.11000000000001 16.82
1989.3274 355.76 1.73000000000002 16.33
1989.3466 355.58 1.38999999999999 17.27
1989.3658 356.11 2.02000000000004 16.92
1989.3849 355.96 1.29999999999995 1355.95
1989.4041 356.13 2.01999999999998 16.23
1989.4233 355.57 1.33999999999997 15.97
1989.4425 355.46 1.65999999999997 16.57
1989.4616 354.98 1.59000000000003 15.77
1989.4808 355.00 1.75 16.29
1989.5000 354.76 1.71999999999997 16.68
1989.5192 354.41 1.57000000000005 16.74
1989.5384 353.55 0.54000000000002 15.7
1989.5575 353.26 1.19 16.74
1989.5767 353.22 1.93000000000001 16.3200000000001
1989.5959 352.62 1.88 16.23
1989.6151 351.95 1.67000000000002 15.88
1989.6342 350.75 0.399999999999977 16.15
1989.6534 350.74 1.25 15.49
1989.6726 350.96 2.06 17.22
1989.6918 349.39 0.269999999999982 15.11
1989.7110 349.55 0.699999999999989 16.06
1989.7301 349.90 1.20999999999998 16.09
1989.7493 350.41 1.39000000000004 16.21
1989.7685 349.86 1.09000000000003 15.58
1989.7877 350.34 1.17999999999995 16.27
1989.8068 350.70 1.22999999999996 16.47
1989.8260 350.44 0.730000000000018 15.81
1989.8452 351.32 1.45999999999998 16.56
1989.8644 351.64 1.53999999999996 16.1
1989.8836 351.84 1.34999999999997 16.23
1989.9027 352.05 1.35000000000002 16.15
1989.9219 352.30 1.46000000000004 15.85
1989.9411 353.07 1.76999999999998 16.35
1989.9603 352.90 1.28999999999996 15.74
1989.9795 352.98 1.19 15.79
1989.9986 353.67 1.11000000000001 16.14
1990.0178 353.53 0.369999999999948 16.05
1990.0370 353.93 0.939999999999998 16.15
1990.0562 353.87 1.19 15.22
1990.0753 354.34 1.02999999999997 16.41
1990.0945 354.98 2.10000000000002 16.76
1990.1137 355.03 1.83999999999997 16.6
1990.1329 355.37 1.92000000000002 17.11
1990.1521 355.12 1.19 15.89
1990.1712 355.70 2.24000000000001 16.43
1990.1904 355.73 2.12 15.81
1990.2096 355.48 1.42000000000002 15.88
1990.2288 356.07 1.38999999999999 15.12
1990.2479 356.21 1.45999999999998 15.74
1990.2671 356.11 0.819999999999993 15.26
1990.2863 356.16 0.270000000000039 15.1300000000001
1990.3055 356.81 0.45999999999998 15.66
1990.3247 356.93 1.05000000000001 15.51
1990.3438 357.65 2.17999999999995 16.45
1990.3630 357.20 1.01999999999998 15.37
1990.3822 357.28 1.29999999999995 16.01
1990.4014 357.33 1.26999999999998 15.79
1990.4205 356.93 1.04000000000002 15.36
1990.4397 356.20 0.930000000000007 14.49
1990.4589 356.13 0.990000000000009 14.91
1990.4781 355.74 0.660000000000025 15.13
1990.4973 356.17 1.5 15.65
1990.5164 354.95 0.360000000000014 15.53
1990.5356 354.25 0.579999999999984 14.99
1990.5548 354.33 1.09999999999997 15.52
1990.5740 353.95 0.729999999999961 15.45
1990.5932 353.13 0.409999999999968 15.93
1990.6123 353.41 1.46000000000004 15.48
1990.6315 353.01 2.21999999999997 14.65
1990.6507 351.73 1.08000000000004 14.52
1990.6699 351.09 -0.0400000000000205 14.36
1990.6890 350.80 1.31999999999999 14.31
1990.7082 351.69 2.16000000000003 15.86
1990.7274 351.39 1.59999999999997 15.81
1990.7466 351.33 0.919999999999959 15.52
1990.7658 351.48 1.62 15.72
1990.7849 351.51 1.23000000000002 15.39
1990.8041 351.65 1.02999999999997 15.12
1990.8233 352.33 1.83999999999997 15.64
1990.8425 352.64 1.33999999999997 15.67
1990.8616 353.08 1.56 15.68
1990.8808 353.38 1.49000000000001 16.12
1990.9000 353.62 1.69999999999999 15.97
1990.9192 353.83 1.47999999999996 15.95
1990.9384 354.39 1.41999999999996 16.16
1990.9575 354.26 1.30000000000001 15.76
1990.9767 354.75 1.86000000000001 16.21
1990.9959 354.71 1.04999999999995 16.18
1991.0151 354.50 0.899999999999977 15.23
1991.0342 354.93 1.09000000000003 15.57
1991.0534 354.85 0.950000000000045 15.37
1991.0726 355.52 1.31 15.81
1991.0918 355.23 0.28000000000003 15.2
1991.1110 355.78 0.689999999999998 15.04
1991.1301 356.43 1.13 16.23
1991.1493 355.73 0.710000000000036 14.21
1991.1685 357.08 1.31999999999999 15.93
1991.1877 357.65 2.15999999999997 16.7
1991.2068 357.17 1.56 15.44
1991.2260 357.39 1.22999999999996 14.92
1991.2452 358.34 2.22999999999996 16.1199999999999
1991.2644 357.97 1.85000000000002 15.29
1991.2836 358.65 2.56999999999999 15.87
1991.3027 359.26 2.31999999999999 16.76
1991.3219 359.19 2.48000000000002 16.25
1991.3411 358.86 1.23000000000002 15.86
1991.3603 359.34 2.09999999999997 16.29
1991.3795 359.65 2.38999999999999 16.74
1991.3986 358.74 1.41000000000003 15.72
1991.4178 358.28 1.22999999999996 15.39
1991.4370 358.45 2.19 15.65
1991.4562 358.07 1.88999999999999 15.63
1991.4753 357.80 2.06 15.64
1991.4945 357.20 0.949999999999989 15.68
1991.5137 356.67 1.44 15.37
1991.5329 356.13 2.02999999999997 15.8
1991.5521 355.15 0.909999999999968 14.47
1991.5712 355.45 1.31 15.57
1991.5904 354.50 0.850000000000023 15.23
1991.6096 354.29 1.18000000000001 15.43
1991.6288 353.21 0 15.12
1991.6479 353.01 1.05000000000001 15.76
1991.6671 353.04 1.96000000000004 15.49
1991.6863 352.51 1.78999999999996 15.38
1991.7055 351.86 0.189999999999998 14.89
1991.7247 351.88 0.399999999999977 15.19
1991.7438 351.66 0.340000000000032 15.41
1991.7630 352.05 0.560000000000002 15.26
1991.7822 352.52 1.15999999999997 15.42
1991.8014 352.69 1 15.55
1991.8205 352.94 0.680000000000007 15.11
1991.8397 353.75 1.20999999999998 15.54
1991.8589 353.71 0.680000000000007 15.45
1991.8781 353.83 0.519999999999982 15.3
1991.8973 354.10 0.490000000000009 14.87
1991.9164 354.56 0.70999999999998 14.9
1991.9356 354.90 0.539999999999964 15.19
1991.9548 355.14 0.979999999999961 15.46
1991.9740 355.50 0.949999999999989 15.35
1991.9932 356.46 1.53999999999996 15.99
1992.0123 356.11 1.75 15.48
1992.0314 356.25 1.32999999999998 15.48
1992.0505 356.29 1.35000000000002 15.42
1992.0697 356.09 0.629999999999995 14.39
1992.0888 356.89 1.69 14.97
1992.1079 357.12 1.48000000000002 15.74
1992.1270 357.29 0.840000000000032 15.9
1992.1462 357.26 1.61000000000001 15.1
1992.1653 356.62 -0.329999999999984 13.95
1992.1844 357.87 0.269999999999982 15.42
1992.2036 358.30 1.04000000000002 15.46
1992.2227 358.77 1.44999999999999 15.93
1992.2418 357.96 -0.270000000000039 14.4
1992.2609 359.13 1.06 15.8
1992.2801 359.16 0.770000000000039 1359.15
1992.2992 359.65 0.269999999999982 15.07
1992.3183 359.26 0.129999999999995 14.34
1992.3374 359.69 0.75 15.4
1992.3566 358.94 -0.240000000000009 14.15
1992.3757 359.13 -0.519999999999982 14.46
1992.3948 360.40 1.65999999999997 15.57
1992.4139 360.47 2.15000000000003 16.52
1992.4331 359.77 1.27999999999997 15.77
1992.4522 358.88 0.79000000000002 14.82
1992.4713 358.64 0.699999999999989 15.24
1992.4904 358.77 1.47999999999996 15.58
1992.5096 357.68 1.04000000000002 14.79
1992.5287 356.93 0.70999999999998 14.72
1992.5478 356.36 1.12 14.33
1992.5669 355.61 0.210000000000036 14.08
1992.5861 355.27 0.699999999999989 14.2
1992.6052 355.62 1.35000000000002 15.07
1992.6243 355.33 2.12 14.96
1992.6434 354.34 1.31 15.54
1992.6626 352.89 -0.25 14.04
1992.6817 354.07 1.48000000000002 15.34
1992.7008 352.87 0.980000000000018 13.91
1992.7199 352.60 0.75 15.31
1992.7391 352.86 1.17000000000002 15.35
1992.7582 353.24 1.22000000000003 15.37
1992.7773 353.58 1.13 15.67
1992.7964 353.20 0.589999999999975 14.9
1992.8156 353.17 0.28000000000003 13.8
1992.8347 354.26 0.569999999999993 15.2
1992.8538 353.94 0.230000000000018 14.6
1992.8730 354.16 0.370000000000005 14.52
1992.8921 354.72 0.700000000000045 14.3800000000001
1992.9112 354.84 0.299999999999955 14.9
1992.9303 355.28 0.399999999999977 14.69
1992.9495 355.44 0.329999999999984 14.53
1992.9686 355.99 0.579999999999984 14.58
1992.9877 356.28 -0.0400000000000205 14.97
1993.0068 356.93 0.870000000000005 15.24
1993.0260 357.22 0.920000000000016 15.14
1993.0452 356.85 0.560000000000002 15.41
1993.0644 357.05 0.990000000000009 15.34
1993.0836 357.28 0.509999999999991 15.07
1993.1027 356.99 -0.180000000000007 14.16
1993.1219 357.16 -0.0499999999999545 14.14
1993.1411 357.79 0.330000000000041 14.65
1993.1603 358.57 2.19999999999999 15.86
1993.1795 358.32 0.5 15.73
1993.1986 358.67 0.300000000000011 14.84
1993.2178 357.84 -0.560000000000002 13.46
1993.2370 359.19 1.05000000000001 15.24
1993.2562 358.83 -0.270000000000039 14.09
1993.2753 359.10 0.120000000000005 14.0700000000001
1993.2945 359.63 -0.120000000000005 14.03
1993.3137 359.75 0.70999999999998 13.85
1993.3329 359.47 -0.339999999999975 13.83
1993.3521 360.12 0.939999999999998 14.17
1993.3712 360.55 1.78000000000003 14.16
1993.3904 360.75 0.389999999999986 14.76
1993.4096 359.99 -0.490000000000009 14.04
1993.4288 359.77 -0.25 13.74
1993.4479 359.65 0.779999999999973 14.08
1993.4671 359.18 0.490000000000009 13.79
1993.4863 358.69 -0.0199999999999818 13.77
1993.5055 357.72 -0.149999999999977 12.68
1993.5247 357.72 0.590000000000032 13.41
1993.5438 357.10 0.930000000000007 13
1993.5630 356.53 0.549999999999955 13.41
1993.5822 356.43 1.40000000000003 13.55
1993.6014 355.77 0.0499999999999545 14.48
1993.6205 355.41 0.0500000000000114 13.15
1993.6397 354.83 0.359999999999957 12.9
1993.6589 354.80 2.06 14.36
1993.6781 354.18 0.25 13.94
1993.6973 353.84 0.629999999999995 13.83
1993.7164 353.99 1.5 13.52
1993.7356 354.16 1.49000000000001 13.92
1993.7548 354.06 0.740000000000009 14.02
1993.7740 353.88 0.29000000000002 13.63
1993.7932 354.36 1.27000000000004 13.51
1993.8123 354.34 1.03999999999996 13.64
1993.8315 354.63 0.509999999999991 13.54
1993.8507 355.01 1.05000000000001 13.5
1993.8699 355.61 1.52000000000004 14.04
1993.8890 355.99 1.31 14.22
1993.9082 356.14 1.31 13.82
1993.9274 356.52 1.33999999999997 13.86
1993.9466 356.64 1.14999999999998 13.82
1993.9658 357.53 1.63 14.1
1993.9849 357.48 1.27000000000004 13.77
1994.0041 358.11 1.19999999999999 13.92
1994.0233 358.12 0.95999999999998 14.41
1994.0425 358.40 1.52999999999997 14.31
1994.0616 358.24 1.42000000000002 13.8
1994.0808 358.28 0.799999999999955 13.61
1994.1000 358.92 1.99000000000001 14.06
1994.1192 358.64 1.45999999999998 14.03
1994.1384 359.39 1.70999999999998 14.43
1994.1575 358.88 0.360000000000014 13.81
1994.1767 359.35 1.12 14.12
1994.1959 360.46 1.75 15.02
1994.2151 360.60 2.69 14.85
1994.2342 360.81 1.75999999999999 1360.8
1994.2534 361.09 2.08999999999997 1361.08
1994.2726 361.01 2 1361
1994.2918 361.30 1.93000000000001 1361.29
1994.3110 361.81 2.00999999999999 14.53
1994.3301 361.98 2.53000000000003 14.31
1994.3493 361.38 1.44 13.93
1994.3685 361.70 1.13 13.76
1994.3877 361.51 0.759999999999991 14.16
1994.4068 361.41 1.24000000000001 14.1
1994.4260 360.89 1.20999999999998 13.71
1994.4452 360.89 1.06999999999999 13.57
1994.4644 360.82 1.67000000000002 13.93
1994.4836 360.02 1.07999999999998 13.59
1994.5027 359.95 2.40999999999997 13.78
1994.5219 359.64 1.31 13.56
1994.5411 359.21 2.07999999999998 13.92
1994.5603 358.83 2.22999999999996 14.01
1994.5795 358.45 2.20999999999998 13.95
1994.5986 357.88 1.94999999999999 13.44
1994.6178 357.70 2.31999999999999 13.6
1994.6370 356.87 1.91000000000003 14.16
1994.6562 356.19 1.31999999999999 14.07
1994.6753 356.48 2.30000000000001 15.66
1994.6945 355.26 1.42000000000002 13.31
1994.7137 355.67 1.75999999999999 13.99
1994.7329 355.35 1.14000000000004 14.16
1994.7521 355.70 1.62 14.05
1994.7712 355.85 1.99000000000001 14.69
1994.7904 356.14 1.84999999999997 14.15
1994.8096 356.56 2.12 14.57
1994.8288 356.68 2.19999999999999 14.57
1994.8479 356.97 1.98000000000002 14.11
1994.8671 358.15 2.63999999999999 15.1
1994.8863 357.65 1.69999999999999 13.99
1994.9055 358.07 2 15.06
1994.9247 358.74 2.25 1358.73
1994.9438 359.38 2.82999999999998 14.74
1994.9630 358.82 1.38999999999999 13.89
1994.9822 359.34 1.82999999999998 14.64
1995.0014 359.70 1.67000000000002 14.48
1995.0205 359.54 1.42000000000002 14.14
1995.0397 360.37 1.99000000000001 15.13
1995.0589 360.03 1.78999999999996 14.91
1995.0781 360.14 1.78999999999996 14.41
1995.0973 360.76 1.92000000000002 14.93
1995.1164 361.05 2.47000000000003 15.16
1995.1356 361.01 1.57999999999998 14.43
1995.1548 361.68 2.70999999999998 14.94
1995.1740 361.78 2.90999999999997 14.53
1995.1932 361.10 0.439999999999998 13.42
1995.2123 361.76 1.21999999999997 13.93
1995.2315 362.84 1.98999999999995 14.46
1995.2507 363.75 2.80000000000001 15.53
1995.2699 362.81 1.73000000000002 14.93
1995.2890 363.01 1.75999999999999 14.83
1995.3082 363.51 1.92000000000002 14.76
1995.3274 362.83 0.659999999999968 13.73
1995.3466 363.85 2.44 14.73
1995.3658 364.40 2.75 15.25
1995.3849 363.67 2.22000000000003 14.97
1995.4041 363.67 2.09000000000003 14.53
1995.4233 363.79 2.91000000000003 14.93
1995.4425 363.05 2.17000000000002 14.56
1995.4616 362.91 2.04000000000002 14.79
1995.4808 362.44 2.20999999999998 14.54
1995.5000 362.31 2.47000000000003 15.1
1995.5192 362.10 2.39000000000004 14.99
1995.5384 361.42 2.19 14.61
1995.5575 360.99 2.06999999999999 14.66
1995.5767 360.14 1.56 14.42
1995.5959 359.76 1.89999999999998 14.43
1995.6151 358.76 0.990000000000009 14.53
1995.6342 358.66 1.67000000000002 14.06
1995.6534 357.84 1.54999999999995 13.3
1995.6726 358.31 1.93000000000001 14.03
1995.6918 358.58 3.10999999999996 14.96
1995.7110 358.77 3.09999999999997 15.59
1995.7301 357.59 2.31 15.34
1995.7493 357.81 2.13 15.34
1995.7685 357.72 1.87 14.84
1995.7877 357.99 2 14.98
1995.8068 358.23 1.62 14.76
1995.8260 358.83 2.21999999999997 15.04
1995.8452 359.09 2.13 15.32
1995.8644 359.49 1.24000000000001 15.12
1995.8836 359.80 2.16000000000003 14.9
1995.9027 359.82 1.80000000000001 14.53
1995.9219 360.21 1.69999999999999 14.8
1995.9411 360.55 1.17000000000002 14.49
1995.9603 360.62 1.66000000000003 14.99
1995.9795 361.40 2.22999999999996 15.27
1995.9986 361.84 2.10999999999996 15.02
1996.0178 362.19 2.73000000000002 15.69
1996.0369 361.91 1.57000000000005 15.45
1996.0560 362.21 2.18000000000001 15.41
1996.0751 362.34 2.21999999999997 15.85
1996.0943 362.92 2.47000000000003 15.89
1996.1134 363.03 1.79999999999995 15.72
1996.1325 363.57 2.69 16.09
1996.1516 363.93 2.31 16.42
1996.1708 364.09 2.19999999999999 17.09
1996.1899 363.69 2.50999999999999 1363.68
1996.2090 364.45 2.88 16.1
1996.2281 364.49 1.88999999999999 15.35
1996.2473 364.25 0.509999999999991 15.02
1996.2664 364.61 1.78000000000003 15.07
1996.2855 364.70 1.50999999999999 14.99
1996.3046 364.55 1.25 14.32
1996.3238 365.02 1.81 14.51
1996.3429 364.69 1.23000000000002 14.52
1996.3620 365.47 1.03000000000003 14.86
1996.3811 365.28 1.45999999999998 14.74
1996.4003 365.04 1.47000000000003 14.87
1996.4194 364.97 1.15000000000003 14.7
1996.4385 365.28 2.11999999999995 15.14
1996.4577 365.07 2.15999999999997 15.12
1996.4768 364.50 2.07999999999998 14.95
1996.4959 364.42 2 15.42
1996.5150 363.82 1.69999999999999 15.48
1996.5342 363.50 1.86000000000001 15.71
1996.5533 363.12 2.06 15.26
1996.5724 362.04 1.97000000000003 14.3
1996.5915 362.03 2.16999999999996 15.45
1996.6107 361.79 2.78000000000003 15.66
1996.6298 361.01 2.61000000000001 15.32
1996.6489 360.86 2.63999999999999 15.21
1996.6680 360.08 2.15999999999997 14.86
1996.6872 359.94 1.43000000000001 14.22
1996.7063 359.01 0.199999999999989 13.46
1996.7254 359.22 1.51000000000005 14.64
1996.7445 359.29 1.45000000000005 14.68
1996.7637 359.44 1.68000000000001 15.23
1996.7828 359.76 1.89999999999998 15.39
1996.8019 359.52 1.29999999999995 14.96
1996.8210 359.98 1.25999999999999 14.66
1996.8402 360.27 1.20999999999998 14.75
1996.8593 360.85 1.40000000000003 14.92
1996.8784 361.37 1.57999999999998 15.43
1996.8975 361.25 1.48000000000002 14.82
1996.9167 361.63 1.48000000000002 14.44
1996.9358 362.23 1.87 15.26
1996.9549 362.48 1.72000000000003 15.32
1996.9740 362.32 1.07999999999998 15.07
1996.9932 362.76 0.899999999999977 15.14
1997.0123 362.96 0.870000000000005 14.63
1997.0315 362.97 0.990000000000009 14.29
1997.0507 363.50 1.36000000000001 14.98
1997.0699 363.20 0.879999999999995 14.2
1997.0890 363.56 0.730000000000018 15.18
1997.1082 364.29 1.30000000000001 16.03
1997.1274 363.64 0.25 14.71
1997.1466 364.74 0.879999999999995 15.01
1997.1658 363.87 -0.45999999999998 14.79
1997.1849 364.16 0.710000000000036 14.67
1997.2041 364.63 0.199999999999989 14.62
1997.2233 365.19 0.70999999999998 14.76
1997.2425 365.74 1.34000000000003 14.53
1997.2616 365.96 1.37 15.24
1997.2808 366.50 1.79000000000002 15.28
1997.3000 366.70 2.20999999999998 15.07
1997.3192 366.61 1.55000000000001 14.95
1997.3384 366.48 1.93000000000001 14.1
1997.3575 366.82 1.31999999999999 14.78
1997.3767 367.01 1.68000000000001 14.89
1997.3959 366.24 1.10000000000002 13.98
1997.4151 366.07 1.14999999999998 14.02
1997.4342 365.76 0.449999999999989 14.1
1997.4534 365.35 0.240000000000009 14.05
1997.4726 365.22 0.710000000000036 13.8200000000001
1997.4918 365.10 0.660000000000025 14.74
1997.5110 364.78 0.899999999999977 14.03
1997.5301 364.47 0.920000000000016 14.91
1997.5493 363.60 0.370000000000005 13.43
1997.5685 363.58 1.20999999999998 13.86
1997.5877 363.19 1.41000000000003 15.9
1997.6068 362.63 0.740000000000009 13.87
1997.6260 361.19 0.089999999999975 13.18
1997.6452 361.54 0.689999999999998 14.26
1997.6644 361.44 0.939999999999998 14.53
1997.6836 360.08 0.129999999999995 13.56
1997.7027 360.33 1.43000000000001 13.58
1997.7219 359.88 0.670000000000016 14.14
1997.7411 359.99 0.600000000000023 13.81
1997.7603 360.53 1.11999999999995 13.98
1997.7795 360.72 1.03000000000003 14.21
1997.7986 361.02 1.47999999999996 13.87
1997.8178 361.30 1.38 14.46
1997.8370 362.05 1.87 14.47
1997.8562 362.14 1.32999999999998 14.7
1997.8753 362.52 1.18000000000001 14.33
1997.8945 363.27 2.07999999999998 14.59
1997.9137 363.95 2.33999999999997 15.21
1997.9329 364.04 1.79000000000002 15.21
1997.9521 364.33 1.88 15.05
1997.9712 364.75 2.44 15.3
1997.9904 365.03 2.29999999999995 15.27
1998.0096 365.31 2.38999999999999 15.09
1998.0288 365.31 2.44999999999999 15.07
1998.0479 365.10 1.52000000000004 14.44
1998.0671 365.38 2.23000000000002 14.76
1998.0863 365.97 2.52000000000004 14.25
1998.1055 365.62 1.32999999999998 14.37
1998.1247 365.67 2.03000000000003 14.34
1998.1438 366.67 1.84000000000003 14.38
1998.1630 367.10 3.26000000000005 14.03
1998.1822 366.66 2.5 14.5700000000001
1998.2014 366.83 2.30000000000001 14.85
1998.2205 367.77 2.70999999999998 15.81
1998.2397 368.81 3.11000000000001 15.57
1998.2589 368.34 2.35999999999996 14.9
1998.2781 368.47 2.29000000000002 15.0700000000001
1998.2973 368.35 1.14000000000004 14.61
1998.3164 369.55 2.88999999999999 15.06
1998.3356 369.72 3.25 15.9
1998.3548 368.32 1.64999999999998 14.03
1998.3740 369.58 2.49000000000001 15.33
1998.3932 369.94 3.63 15.34
1998.4123 369.61 3.53000000000003 15.79
1998.4315 369.14 3.27999999999997 14.9
1998.4507 368.80 3.43000000000001 15.14
1998.4699 368.75 3.47000000000003 15.45
1998.4890 368.19 2.98000000000002 14.88
1998.5082 368.41 3.72000000000003 15.64
1998.5274 367.73 3.17000000000002 14.74
1998.5466 367.90 4.25 15.02
1998.5658 367.10 3.36000000000001 15.23
1998.5849 366.90 3.71999999999997 16.14
1998.6041 366.23 3.43000000000001 15.46
1998.6233 365.54 4.06 15.25
1998.6425 365.34 3.78999999999996 15.5
1998.6616 364.74 3.24000000000001 15.09
1998.6808 364.32 4.18000000000001 15.56
1998.7000 363.65 3.21999999999997 14.49
1998.7192 363.51 3.63999999999999 14.86
1998.7384 364.06 4.17000000000002 15.12
1998.7575 364.10 3.61000000000001 15.22
1998.7767 364.30 3.77000000000004 15.54
1998.7959 364.53 3.40999999999997 15.13
1998.8151 364.79 3.52000000000004 15.35
1998.8342 364.94 3.05000000000001 15.13
1998.8534 365.39 3.19999999999999 15.45
1998.8726 365.95 3.55000000000001 15.81
1998.8918 365.82 2.70999999999998 15.2
1998.9110 366.59 2.58999999999997 15.98
1998.9301 366.80 2.86000000000001 15.9
1998.9493 367.15 2.77999999999997 15.51
1998.9685 367.28 2.64999999999998 15.85
1998.9877 367.63 2.57999999999998 15.41
1999.0068 367.80 2.50999999999999 15.14
1999.0260 368.10 2.85000000000002 14.95
1999.0452 367.82 2.69 14.88
1999.0644 369.08 3.65999999999997 16.32
1999.0836 369.27 3.41999999999996 16.01
1999.1027 369.11 3.44 16.2
1999.1219 368.62 3.09000000000003 15.37
1999.1411 369.08 2.41999999999996 15.28
1999.1603 368.03 0.819999999999993 14.51
1999.1795 369.24 2.73000000000002 15.45
1999.1986 370.18 3.25 16.63
1999.2178 370.56 3 16.18
1999.2370 370.66 2.16000000000003 15.92
1999.2562 371.73 3.28000000000003 16.85
1999.2753 371.51 2.82999999999998 16.1
1999.2945 370.29 2.08000000000004 14.09
1999.3137 370.60 1.16000000000003 14.27
1999.3329 371.52 1.65999999999997 15.93
1999.3521 371.07 2.82999999999998 15.35
1999.3712 370.58 1.07999999999998 14.52
1999.3904 370.72 0.800000000000011 14.71
1999.4096 370.71 1.04999999999995 14.62
1999.4288 370.39 1.22999999999996 14.95
1999.4479 370.41 1.47000000000003 15.0700000000001
1999.4671 369.89 1.13999999999999 14.83
1999.4863 369.78 1.54999999999995 14.9299999999999
1999.5055 370.05 1.85000000000002 15.06
1999.5247 370.13 2.06999999999999 15.92
1999.5438 369.09 1.11999999999995 15.6
1999.5630 368.27 1.16999999999996 14.96
1999.5822 367.70 0.699999999999989 14.69
1999.6014 367.35 1.08000000000004 14.89
1999.6205 366.60 0.970000000000027 14.85
1999.6397 366.27 0.810000000000002 15.48
1999.6589 365.18 0.439999999999998 14.33
1999.6781 364.36 -0.199999999999989 13.71
1999.6973 365.16 1.57000000000005 15.67
1999.7164 365.05 1.59000000000003 15.52
1999.7356 364.67 0.770000000000039 14.59
1999.7548 365.15 1.02999999999997 14.82
1999.7740 365.19 0.899999999999977 15.25
1999.7932 365.60 1.09000000000003 15.28
1999.8123 365.65 0.859999999999957 14.96
1999.8315 365.98 1.10000000000002 15.42
1999.8507 366.65 1.31 15.33
1999.8699 366.76 0.909999999999968 15.04
1999.8890 367.08 1.22999999999996 15.3
1999.9082 367.44 0.939999999999998 15.3
1999.9274 367.87 1.07999999999998 15.43
1999.9466 367.89 0.849999999999966 14.77
1999.9658 368.27 0.95999999999998 15.48
1999.9849 368.73 1.18000000000001 15.75
2000.0041 368.74 0.920000000000016 15.15
2000.0232 368.87 0.810000000000002 15.3
2000.0423 370.03 2.21999999999997 16.03
2000.0615 370.08 1.15999999999997 16.26
2000.0806 369.26 -0.129999999999995 14.9
2000.0997 369.61 0.580000000000041 14.52
2000.1189 369.98 1.11000000000001 14.83
2000.1380 369.36 0.379999999999995 14.17
2000.1571 370.11 2.08000000000004 14.78
2000.1762 370.07 1.17000000000002 14.47
2000.1954 370.64 0.439999999999998 14.79
2000.2145 370.93 0.610000000000014 15.56
2000.2336 371.13 0.389999999999986 14.96
2000.2527 371.06 -0.45999999999998 14.73
2000.2719 372.00 0.420000000000016 15.93
2000.2910 372.33 1.88999999999999 16.08
2000.3101 371.92 1.31999999999999 15.27
2000.3292 370.91 -0.599999999999966 13.68
2000.3484 371.88 0.71999999999997 14.35
2000.3675 371.50 0.79000000000002 14.31
2000.3866 372.08 1.35999999999996 14.8
2000.4057 371.87 1.18000000000001 14.54
2000.4249 371.92 1.43000000000001 15.1
2000.4440 371.67 1.29000000000002 15.5
2000.4631 371.79 1.88 15.75
2000.4822 371.25 1.43000000000001 15.32
2000.5014 370.22 0.260000000000048 14.26
2000.5205 370.15 -0.140000000000043 15.36
2000.5396 369.94 0.769999999999982 15.61
2000.5587 369.19 0.839999999999975 14.89
2000.5779 368.93 1.36000000000001 15.13
2000.5970 368.48 0.920000000000016 15.35
2000.6161 368.25 1.57999999999998 14.82
2000.6352 367.56 1.25999999999999 14.77
2000.6544 367.56 2.04000000000002 16.08
2000.6735 367.18 3.03000000000003 16.08
2000.6926 367.19 2.18000000000001 16.19
2000.7117 366.74 1.55000000000001 15.15
2000.7309 366.72 2.07000000000005 15.29
2000.7500 366.65 1.57999999999998 15.33
2000.7691 366.73 1.48000000000002 15.23
2000.7883 366.99 1.53000000000003 15.44
2000.8074 367.47 1.82000000000005 15.68
2000.8265 367.85 1.90000000000003 15.56
2000.8456 368.05 1.48000000000002 15.38
2000.8648 368.59 1.84999999999997 15.42
2000.8839 368.48 1.41000000000003 15.03
2000.9030 368.69 1.27999999999997 15.08
2000.9221 369.68 1.91000000000003 15.83
2000.9413 369.66 1.75 15.42
2000.9604 369.64 1.37 15.29
2000.9795 369.86 1.15000000000003 15.03
2000.9986 370.17 1.46000000000004 15.56
2001.0178 370.30 1.40000000000003 15.74
2001.0370 370.67 1.10000000000002 15.54
2001.0562 370.52 0.259999999999991 15.76
2001.0753 371.36 1.98000000000002 16.01
2001.0945 371.58 2.22999999999996 16.24
2001.1137 371.96 2.19 15.97
2001.1329 371.48 1.97000000000003 15.23
2001.1521 371.73 1.74000000000001 15.68
2001.1712 372.19 2.11000000000001 15.2
2001.1904 372.53 1.97999999999996 14.8
2001.2096 372.54 1.49000000000001 15.59
2001.2288 372.34 1.39999999999998 14.83
2001.2479 372.45 1.32999999999998 13.91
2001.2671 373.61 1.87 15.84
2001.2863 373.70 1.15999999999997 14.8
2001.3055 373.60 1.69 14.37
2001.3247 373.55 2.65000000000003 14.38
2001.3438 373.93 2.13999999999999 15.09
2001.3630 373.74 2.31999999999999 14.19
2001.3822 373.90 1.76999999999998 14.46
2001.4014 373.87 2.05000000000001 15.25
2001.4205 373.47 1.58000000000004 15.15
2001.4397 373.05 1.37 14.65
2001.4589 373.11 1.28000000000003 15.02
2001.4781 373.02 1.69 15.37
2001.4973 372.48 2.15000000000003 15.28
2001.5164 371.34 1.13 14.76
2001.5356 371.30 1.31 15.26
2001.5548 370.87 1.44999999999999 15.72
2001.5740 370.88 1.87 15.43
2001.5932 369.92 1.38 15.38
2001.6123 369.20 0.96999999999997 15.2
2001.6315 369.32 1.56999999999999 16.09
2001.6507 369.28 1.78999999999996 16.27
2001.6699 368.33 1.06 15.35
2001.6890 368.56 1.37 16.24
2001.7082 368.05 1.29000000000002 16.14
2001.7274 367.81 1.07999999999998 15.94
2001.7466 368.07 1.37 16.41
2001.7658 368.29 1.65000000000003 16.17
2001.7849 368.18 1.16000000000003 15.65
2001.8041 368.71 1.34999999999997 15.98
2001.8233 369.12 1.32999999999998 16.06
2001.8425 369.09 1.02999999999997 15.33
2001.8616 369.83 1.32999999999998 16.12
2001.8808 370.22 1.72000000000003 16.36
2001.9000 370.44 1.81999999999999 16.25
2001.9192 370.78 1.25 16.16
2001.9384 371.23 1.49000000000001 16.33
2001.9575 371.26 1.65999999999997 16.05
2001.9767 371.69 1.82999999999998 16.13
2001.9959 372.20 2.11000000000001 15.8
2002.0151 372.20 2.00999999999999 16.02
2002.0342 372.74 1.90000000000003 16.23
2002.0534 372.58 2.22999999999996 16.49
2002.0726 372.82 1.40999999999997 16.59
2002.0918 372.95 1.30000000000001 15.97
2002.1110 373.00 1.33999999999997 15.86
2002.1301 373.08 1.44999999999999 15.88
2002.1493 373.74 2.25 16.66
2002.1685 373.88 1.54000000000002 17.05
2002.1877 374.13 1.62 16.18
2002.2068 374.64 2.07999999999998 16.34
2002.2260 374.28 2.06999999999999 15.39
2002.2452 374.26 1.70999999999998 16.16
2002.2644 374.53 1.01999999999998 15.4
2002.2836 375.23 1.66000000000003 15.84
2002.3027 375.41 1.75 15.95
2002.3219 376.05 2.49000000000001 16.66
2002.3411 375.60 1.67000000000002 15.89
2002.3603 375.07 1.32999999999998 16.39
2002.3795 375.93 2.07999999999998 16.49
2002.3986 376.24 2.29000000000002 15.78
2002.4178 375.90 2.28999999999996 15.49
2002.4370 375.45 2.38 15.92
2002.4562 375.23 2.15000000000003 16.35
2002.4753 375.49 2.42000000000002 16.79
2002.4945 374.82 2.19999999999999 16.11
2002.5137 374.47 3.07000000000005 16.98
2002.5329 374.01 2.73000000000002 17.21
2002.5521 373.34 2.44 16.94
2002.5712 373.33 2.15999999999997 17.97
2002.5904 372.57 2.50999999999999 17.11
2002.6096 371.81 2.67000000000002 16.26
2002.6288 371.33 1.99000000000001 16.15
2002.6479 370.93 1.55000000000001 16.73
2002.6671 370.26 1.88 17.44
2002.6863 371.63 3.13999999999999 17.47
2002.7055 370.83 2.62 18.25
2002.7247 370.50 2.69 17.8
2002.7438 369.88 1.88 16.84
2002.7630 369.91 1.62 16.76
2002.7822 371.24 3.07999999999998 17.72
2002.8014 370.68 2 17.4
2002.8205 371.06 1.94999999999999 17.78
2002.8397 371.97 2.89000000000004 17.8
2002.8589 371.86 2.10000000000002 17.9
2002.8781 372.73 2.56999999999999 18.43
2002.8973 372.77 2.35999999999996 18.02
2002.9164 373.04 2.29000000000002 18.18
2002.9356 373.59 2.41999999999996 18.26
2002.9548 373.57 2.36000000000001 18.12
2002.9740 374.47 2.76000000000005 18.41
2002.9932 374.69 2.58999999999997 18.34
2003.0123 374.55 2.44 17.47
2003.0315 375.02 2.35999999999996 17.94
2003.0507 374.92 2.17000000000002 18.08
2003.0699 375.30 2.69999999999999 17.98
2003.0890 375.17 2.33000000000004 18.17
2003.1082 375.11 1.94999999999999 17.91
2003.1274 376.38 3.32999999999998 19.12
2003.1466 376.02 2.25999999999999 18.25
2003.1658 376.30 2.55000000000001 17.8
2003.1849 376.36 2.25 17.73
2003.2041 375.96 1.47999999999996 17.68
2003.2233 377.00 2.88 18.82
2003.2425 376.85 2.54000000000002 17.67
2003.2616 377.13 2.56999999999999 18.48
2003.2808 377.79 2.75 18.69
2003.3000 378.35 3.02000000000004 18.68
2003.3192 378.63 2.56999999999999 18.91
2003.3384 378.07 2.44999999999999 18.61
2003.3575 378.07 3 17.77
2003.3767 379.43 3.53000000000003 18.84
2003.3959 378.72 2.5 18.06
2003.4151 378.42 2.48000000000002 18.58
2003.4342 378.49 2.93000000000001 18.65
2003.4534 378.12 2.91000000000003 18.53
2003.4726 378.31 2.69999999999999 19.12
2003.4918 377.58 2.78999999999996 19.15
2003.5110 376.57 2.05000000000001 18.8
2003.5301 377.23 3.11000000000001 19.33
2003.5493 376.39 2.53999999999996 19.6
2003.5685 375.91 2.87 19.47
2003.5877 374.94 2.29000000000002 18.55
2003.6068 374.67 2.5 18.9
2003.6260 373.89 2.63 18.61
2003.6452 373.44 2.63999999999999 18.55
2003.6644 373.21 2.73999999999995 19.02
2003.6836 373.12 1.73000000000002 18.99
2003.7027 372.88 1.88999999999999 18.71
2003.7219 373.35 2.85000000000002 19.43
2003.7411 373.28 3.34999999999997 19.05
2003.7603 372.92 2.99000000000001 18.88
2003.7795 372.79 1.73000000000002 18.89
2003.7986 373.43 2.56999999999999 19
2003.8178 373.40 2.47999999999996 19.06
2003.8370 373.96 2.03999999999996 19.31
2003.8562 374.52 2.69 19.47
2003.8753 374.89 2.30000000000001 19.2
2003.8945 375.27 2.51999999999998 19.23
2003.9137 375.32 2.38 19.13
2003.9329 375.74 2.13 19.19
2003.9521 376.34 2.75999999999999 19.49
2003.9712 376.14 1.84999999999997 18.68
2003.9904 376.35 1.61000000000001 18.87
2004.0096 376.34 1.85999999999996 18.15
2004.0287 376.95 1.96999999999997 18.76
2004.0478 377.12 2.13 18.78
2004.0669 377.95 2.74000000000001 19.66
2004.0861 377.87 2.75 19.64
2004.1052 378.43 3.38999999999999 19.46
2004.1243 377.49 1.16000000000003 18.68
2004.1434 377.62 1.54000000000002 18.2
2004.1626 378.29 2.02000000000004 19.59
2004.1817 378.96 2.62 19.29
2004.2008 379.23 3.27000000000004 18.73
2004.2199 378.50 1.56999999999999 17.72
2004.2391 379.72 2.84000000000003 19.0700000000001
2004.2582 380.00 2.85000000000002 18.9
2004.2773 380.73 3.23000000000002 19.7
2004.2964 380.38 2.07999999999998 19.27
2004.3156 380.64 2.00999999999999 18.44
2004.3347 380.72 2.56 18.91
2004.3538 380.71 2.87 19.39
2004.3730 380.25 0.70999999999998 18.45
2004.3921 381.07 2.18000000000001 19.49
2004.4112 379.94 1.60000000000002 18.75
2004.4303 380.09 1.59999999999997 19.1199999999999
2004.4495 380.16 1.96000000000004 19.24
2004.4686 379.37 1.07999999999998 18.68
2004.4877 379.14 1.43000000000001 19.19
2004.5068 378.33 1.76999999999998 18.43
2004.5260 377.89 0.669999999999959 18.3
2004.5451 376.74 0.29000000000002 17.63
2004.5642 376.42 0.520000000000039 17.5
2004.5833 376.76 1.46999999999997 18.53
2004.6025 376.26 1.56999999999999 18.32
2004.6216 375.77 2.03999999999996 18.14
2004.6407 376.09 2.17999999999995 19.54
2004.6598 373.99 0.970000000000027 17.78
2004.6790 374.44 1.14999999999998 17.88
2004.6981 374.05 1.27000000000004 19.03
2004.7172 374.40 1.08999999999997 18.77
2004.7363 374.31 1.03000000000003 18.93
2004.7555 373.98 1.02000000000004 18.27
2004.7746 374.22 1.39000000000004 18.3
2004.7937 374.57 1.25 18.32
2004.8128 374.96 1.54999999999995 18.46
2004.8320 375.31 1.28000000000003 18.6
2004.8511 375.44 1.10000000000002 18.38
2004.8702 376.80 1.90000000000003 18.62
2004.8893 376.73 1.44 19.02
2004.9085 376.82 1.55000000000001 18.65
2004.9276 377.54 1.96000000000004 18.71
2004.9467 377.24 0.870000000000005 17.88
2004.9658 377.78 1.65999999999997 19.04
2004.9850 377.83 1.47999999999996 18.5
2005.0041 378.21 1.85999999999996 18.51
2005.0233 378.44 1.54000000000002 18.58
2005.0425 378.35 1.40000000000003 18.12
2005.0616 378.63 0.730000000000018 18.64
2005.0808 379.42 1.50999999999999 19.27
2005.1000 379.23 0.830000000000041 18.31
2005.1192 379.92 2.25999999999999 18.92
2005.1384 379.87 2.42000000000002 18.88
2005.1575 381.36 3.02000000000004 19.41
2005.1767 380.06 1.14999999999998 18.49
2005.1959 381.28 2.22999999999996 20.1799999999999
2005.2151 380.22 1.61000000000001 18.48
2005.2342 381.76 2.11000000000001 18.5
2005.2534 382.30 2.63 18.75
2005.2726 382.10 1.37 19.13
2005.2918 382.18 1.88999999999999 19.19
2005.3110 382.57 1.77999999999997 19.09
2005.3301 381.94 1.37 19.11
2005.3493 381.98 1.16000000000003 18.1
2005.3685 382.63 2.44999999999999 18.29
2005.3877 383.01 2.01999999999998 19.42
2005.4068 382.79 2.56 18.92
2005.4260 382.63 2.75 18.95
2005.4452 382.41 2.20000000000005 19.46
2005.4644 381.95 2.56999999999999 19.07
2005.4836 381.36 2.15000000000003 18.93
2005.5027 381.11 2.58000000000004 18.85
2005.5219 380.85 2.91000000000003 18.8
2005.5411 380.74 3.90000000000003 19.42
2005.5603 380.14 3.45999999999998 19.34
2005.5795 379.83 3.28999999999996 19.63
2005.5986 378.90 2.56999999999999 19.24
2005.6178 378.83 2.99000000000001 20.15
2005.6370 378.00 1.97000000000003 19.18
2005.6562 377.95 3.95999999999998 20.37
2005.6753 377.32 2.81999999999999 19.02
2005.6945 376.16 2.13000000000005 17.51
2005.7137 376.35 1.99000000000001 17.71
2005.7329 376.46 2.03999999999996 18.87
2005.7521 376.65 2.64999999999998 18.86
2005.7712 376.91 2.69 19.22
2005.7904 -999.99 -1374.49 -1358.06
2005.8096 377.52 2.63 19.22
2005.8288 377.80 2.54000000000002 18.94
2005.8479 377.94 2.48000000000002 18.79
2005.8671 378.86 2.19 19.33
2005.8863 378.48 1.79000000000002 18.65
2005.9055 379.02 2.29999999999995 19.15
2005.9247 379.93 2.45999999999998 19.64
2005.9438 380.18 2.87 19.61
2005.9630 380.24 2.5 19.59
2005.9822 380.49 2.72000000000003 18.98
2006.0014 381.26 3.07999999999998 19.43
2006.0205 381.20 2.80000000000001 18.97
2006.0397 381.55 3.18000000000001 19.61
2006.0589 381.62 3.04000000000002 19.37
2006.0781 381.62 2.29000000000002 19.3
2006.0973 382.28 3.07999999999998 18.97
2006.1164 382.59 2.47999999999996 19.8
2006.1356 381.94 2.30000000000001 18.15
2006.1548 382.14 0.949999999999989 18.29
2006.1740 382.89 2.90999999999997 18.99
2006.1932 382.89 1.53999999999996 19.05
2006.2123 382.91 2.49000000000001 18.33
2006.2315 382.43 1.12 18.06
2006.2507 384.17 1.91000000000003 19.69
2006.2699 384.74 2.61000000000001 20.3
2006.2890 384.86 2.73000000000002 20.23
2006.3082 384.76 2.27999999999997 20.01
2006.3274 384.88 2.70999999999998 19.84
2006.3466 385.03 3.16999999999996 20.3099999999999
2006.3658 385.32 2.75999999999999 19.94
2006.3849 384.96 1.94999999999999 19.69
2006.4041 384.66 1.83000000000004 19.65
2006.4233 384.18 1.56 19.04
2006.4425 384.28 1.86999999999995 19.19
2006.4616 383.93 1.85000000000002 18.79
2006.4808 383.44 2.06 19.04
2006.5000 383.11 1.93000000000001 18.75
2006.5192 382.83 1.94999999999999 19.16
2006.5384 381.80 0.980000000000018 18.3
2006.5575 382.11 1.96000000000004 19
2006.5767 381.51 1.69 19.62
2006.5959 380.59 1.57999999999998 18.54
2006.6151 380.40 1.40999999999997 18.77
2006.6342 379.79 1.60000000000002 18.8
2006.6534 379.55 1.72000000000003 18.7
2006.6726 378.69 1.37 18.74
2006.6918 379.14 3.08999999999997 19.05
2006.7110 378.66 2.25 19.93
2006.7301 378.87 2.38 19.68
2006.7493 378.92 2.33000000000004 19.67
2006.7685 378.90 2.02999999999997 19.4299999999999
2006.7877 378.93 1378.92 19.13
2006.8068 379.48 2 19.9
2006.8260 379.64 1.97999999999996 19.64
2006.8452 379.76 1.73000000000002 19.41
2006.8644 380.00 1.45999999999998 19.11
2006.8836 380.38 1.71999999999997 18.94
2006.9027 381.24 2.44 20
2006.9219 381.47 1.57000000000005 19.52
2006.9411 381.70 1.53999999999996 19.59
2006.9603 382.18 2.09000000000003 19.67
2006.9795 382.00 1.47000000000003 19.64
2006.9986 382.08 0.800000000000011 19.29
2007.0178 382.92 1.79000000000002 19.94
2007.0370 382.43 0.850000000000023 19.39
2007.0562 383.55 2.00999999999999 20.09
2007.0753 383.67 2.14000000000004 20.42
2007.0945 383.26 0.95999999999998 19.59
2007.1137 384.81 2.12 20.57
2007.1329 384.71 2.82999999999998 21.03
2007.1521 384.00 1.94 19.32
2007.1712 383.41 0.580000000000041 19.56
2007.1904 384.33 1.44999999999999 20.13
2007.2096 385.08 2.07999999999998 20.35
2007.2288 385.85 3.40000000000003 20.59
2007.2479 385.85 2.05000000000001 20.01
2007.2671 385.78 0.92999999999995 19.79
2007.2863 387.29 2.42000000000002 20.73
2007.3055 386.96 2.19999999999999 20.14
2007.3247 386.60 1.74000000000001 20.19
2007.3438 386.25 1.25 19.6
2007.3630 386.65 1.38999999999999 19.78
2007.3822 386.51 1.25 19.78
2007.4014 386.91 2.48000000000002 20.43
2007.4205 386.90 2.72999999999996 20.83
2007.4397 386.43 1.99000000000001 20.7
2007.4589 385.70 1.75999999999999 20.38
2007.4781 385.04 1.54000000000002 19.83
2007.4973 385.38 2.25 20.43
2007.5164 385.12 2.28000000000003 20.19
2007.5356 384.08 2.24000000000001 19.98
2007.5548 383.80 1.74000000000001 19.94
2007.5740 382.87 1.25 19.46
2007.5932 382.39 1.77999999999997 19.18
2007.6123 381.87 1.34000000000003 19.58
2007.6315 382.09 2.22999999999996 20.92
2007.6507 381.62 1.85000000000002 20.02
2007.6699 381.52 2.83999999999997 20.14
2007.6890 380.65 1.56999999999999 20.72
2007.7082 380.79 2.04000000000002 20.49
2007.7274 380.67 1.93000000000001 20.82
2007.7466 380.87 1.88999999999999 20.81
2007.7658 380.94 2.13 20.31
2007.7849 381.02 1.96999999999997 20.27
2007.8041 381.34 1.98999999999995 20.29
2007.8233 381.75 2.08999999999997 20.35
2007.8425 382.01 2.25999999999999 19.88
2007.8616 382.21 2.23999999999995 20.06
2007.8808 383.04 2.83000000000004 20.4
2007.9000 382.87 1.68000000000001 19.52
2007.9192 383.66 2.26000000000005 19.66
2007.9384 383.68 2.09000000000003 19.63
2007.9575 384.38 2.06 20.06
2007.9767 383.88 1.87 19.06
2007.9959 384.76 2.69 19.64
2008.0150 384.39 1.75999999999999 19
2008.0342 385.79 3.42000000000002 20.6
2008.0533 385.99 2.69 20.85
2008.0724 386.76 3.01999999999998 21.46
2008.0915 386.01 2.76999999999998 19.94
2008.1107 385.95 1.20999999999998 20.41
2008.1298 385.30 0.199999999999989 19.51
2008.1489 385.36 1.38999999999999 18.46
2008.1680 385.81 2.33999999999997 18.59
2008.1872 385.72 1.51000000000005 19.22
2008.2063 385.82 0.949999999999989 19.03
2008.2254 386.74 1.12 18.77
2008.2445 388.09 2.06999999999999 19.21
2008.2637 386.73 0.850000000000023 18.39
2008.2828 386.48 -0.539999999999964 18.15
2008.3019 387.33 0.289999999999964 18.82
2008.3210 387.27 0.549999999999955 17.55
2008.3402 388.52 2.38999999999999 19.01
2008.3593 388.87 2.20999999999998 20.48
2008.3784 388.89 2.52999999999997 19.24
2008.3975 388.59 1.56 18.61
2008.4167 388.54 1.66000000000003 19.05
2008.4358 387.47 0.990000000000009 18.35
2008.4549 387.88 1.90999999999997 19.11
2008.4740 387.34 2.25999999999999 18.65
2008.4932 -999.99 -1385.29 -1368.06
2008.5123 -999.99 -1385.14 -1368.7
2008.5314 -999.99 -1384.2 -1367.56
2008.5505 386.37 2.5 18.78
2008.5697 384.90 1.60999999999996 17.66
2008.5888 385.23 2.86000000000001 18.51
2008.6079 383.93 2.16000000000003 17.76
2008.6270 383.68 1.65000000000003 18.19
2008.6462 383.30 1.68000000000001 17.94
2008.6653 383.51 1.83999999999997 18.8
2008.6844 383.03 2.32999999999998 18.88
2008.7036 383.37 2.49000000000001 19.73
2008.7227 383.06 2.44 19.46
2008.7418 382.75 1.82999999999998 18.63
2008.7609 382.87 1.94 18.8
2008.7801 382.85 1.88 18.52
2008.7992 383.07 1.75 18.54
2008.8183 383.99 2.31 19.16
2008.8374 383.79 1.80000000000001 18.8
2008.8566 384.11 1.96000000000004 18.66
2008.8757 384.34 1.33999999999997 18.39
2008.8948 384.49 1.66000000000003 18.63
2008.9139 385.05 1.38999999999999 18.35
2008.9331 385.29 1.61000000000001 18.51
2008.9522 385.54 1.09000000000003 18.22
2008.9713 385.93 2.05000000000001 18.64
2008.9904 386.23 1.52000000000004 18.62
2009.0096 386.40 1.97999999999996 18.4299999999999
2009.0288 387.02 1.43000000000001 19.07
2009.0479 387.14 1.28999999999996 19.24
2009.0671 387.50 0.689999999999998 18.24
2009.0863 387.03 1.00999999999999 17.82
2009.1055 386.94 0.910000000000025 17.74
2009.1247 387.62 2.25999999999999 19.1
2009.1438 388.22 2.75 19.15
2009.1630 389.08 3.45999999999998 20.99
2009.1822 388.80 3.03000000000003 19.41
2009.2014 388.20 2.38 18.02
2009.2205 389.29 2.63 18.53
2009.2397 389.04 1.20000000000005 18.56
2009.2589 389.43 2.36000000000001 17.64
2009.2781 388.93 2.5 17.56
2009.2973 389.56 3.00999999999999 19.3
2009.3164 390.52 2.94 20
2009.3356 389.76 1.55000000000001 18.27
2009.3548 390.17 1.36000000000001 19.11
2009.3740 390.38 1.39999999999998 20.06
2009.3932 390.41 1.86000000000001 19.65
2009.4123 389.85 1.30000000000001 19.06
2009.4315 390.20 2.72999999999996 19.9
2009.4507 389.42 1.36000000000001 18.99
2009.4699 388.49 1.11000000000001 18.65
2009.4890 388.69 1388.68 19.17
2009.5082 388.48 1388.47 18.24
2009.5274 388.36 1388.35 18.27
2009.5466 387.68 1.31999999999999 18.75
2009.5658 387.37 2.28000000000003 19.21
2009.5849 387.06 1.91000000000003 19.36
2009.6041 386.01 1.69999999999999 18.75
2009.6233 385.70 1.99000000000001 19.15
2009.6425 385.86 2.56 19.63
2009.6616 385.15 1.69 20.1
2009.6808 384.69 1.60000000000002 20.14
2009.7000 384.76 1.38 19.6
2009.7192 384.62 1.53000000000003 19.71
2009.7384 384.03 1.25999999999999 19.33
2009.7575 383.88 1 18.69
2009.7767 384.38 1.56999999999999 19.17
2009.7959 384.71 1.65999999999997 18.99
2009.8151 385.01 0.949999999999989 19.38
2009.8342 385.36 1.56 19.34
2009.8534 385.69 1.63999999999999 18.99
2009.8726 386.34 2.00999999999999 19.4299999999999
2009.8918 386.38 1.92000000000002 19.32
2009.9110 387.07 2.13999999999999 19.59
2009.9301 386.97 1.69000000000005 18.96
2009.9493 386.87 1.34000000000003 19.02
2009.9685 388.40 2.56 20.14
2009.9877 388.60 2.34000000000003 19.72
2010.0068 388.17 1.83000000000004 19.43
2010.0260 388.33 1.40999999999997 19.29
2010.0452 388.33 1.15999999999997 18.34
2010.0644 389.01 1.58999999999997 19.03
2010.0836 390.71 3.62 21.45
2010.1027 390.35 3.54000000000002 20.63
2010.1219 390.22 2.59000000000003 20.24
2010.1411 389.57 1.56 20.08
2010.1603 390.93 1.80000000000001 20.68
2010.1795 391.38 2.57999999999998 21.45
2010.1986 391.17 3.06 20.36
2010.2178 390.29 1.03000000000003 19.42
2010.2370 391.77 2.75 20.7
2010.2562 391.19 1.76999999999998 19.89
2010.2753 392.71 3.46999999999997 20.68
2010.2945 393.30 4.23000000000002 21.04
2010.3137 393.20 2.47999999999996 21.33
2010.3329 393.01 3.25999999999999 22.03
2010.3521 392.60 2.47000000000003 20.86
2010.3712 393.42 3.11000000000001 21.77
2010.3904 392.71 2.12 20.79
2010.4096 393.30 3.62 21.28
2010.4288 392.75 2.48000000000002 20.95
2010.4479 391.85 2.27000000000004 20.04
2010.4671 391.64 3.01999999999998 19.93
2010.4863 391.15 2.47999999999996 20.03
2010.5055 390.55 2.11000000000001 20.47
2010.5247 389.85 1.46000000000004 19.67
2010.5438 390.26 2.48000000000002 20.36
2010.5630 389.82 2.34999999999997 20.88
2010.5822 388.86 1.72000000000003 19.97
2010.6014 388.82 2.67000000000002 20.36
2010.6205 388.47 2.82000000000005 20.25
2010.6397 387.62 1.69 20.06
2010.6589 387.53 2.46999999999997 20.01
2010.6781 386.14 1.22999999999996 19.13
2010.6973 387.06 2.36000000000001 19.73
2010.7164 386.78 2.01999999999998 20.11
2010.7356 386.78 2.66999999999996 20.05
2010.7548 386.95 3.31 20.37
2010.7740 386.84 2.44999999999999 19.97
2010.7932 387.43 2.76999999999998 20.43
2010.8123 387.83 2.88999999999999 20.31
2010.8315 388.05 2.69999999999999 20.16
2010.8507 387.96 2.35999999999996 19.85
2010.8699 388.63 2.31 19.97
2010.8890 389.49 3.19999999999999 21.12
2010.9082 389.66 2.73000000000002 20.59
2010.9274 389.78 2.65999999999997 20.13
2010.9466 389.44 2.60000000000002 19.9
2010.9658 390.15 1.38999999999999 20.47
2010.9849 389.94 1.86000000000001 20.09
2011.0041 391.64 3.13999999999999 21.41
2011.0233 390.76 2.38 20.26
2011.0425 391.52 3.04999999999995 21.08
2011.0616 391.37 2.53000000000003 20.65
2011.0808 392.07 2.13999999999999 20.57
2011.1000 391.44 0.620000000000005 20.05
2011.1192 391.65 1.45999999999998 19.73
2011.1384 392.05 1.92000000000002 20.68
2011.1575 392.06 1.68000000000001 20.2
2011.1767 391.88 0.370000000000005 19.64
2011.1959 392.49 1.34000000000003 19.91
2011.2151 392.89 2.68000000000001 20.35
2011.2342 394.00 2.32999999999998 21.71
2011.2534 393.00 1.77999999999997 20.53
2011.2726 393.08 0.689999999999998 19.37
2011.2918 393.55 0.0799999999999841 19.77
2011.3110 393.31 0.189999999999998 19.75
2011.3301 394.14 1.06 20.59
2011.3493 392.89 0.370000000000005 18.96
2011.3685 394.91 1.51000000000005 21.21
2011.3877 394.85 1.88 20.87
2011.4068 394.19 0.980000000000018 20.35
2011.4260 393.49 0.689999999999998 20.1
2011.4452 393.79 1.79000000000002 20.78
2011.4644 393.54 1.86000000000001 20.37
2011.4836 393.45 2.30000000000001 20.52
2011.5027 393.50 2.86000000000001 21.05
2011.5219 393.29 3.36000000000001 21.86
2011.5411 391.32 1.02999999999997 20.1
2011.5603 391.98 2.15000000000003 21.08
2011.5795 391.19 2.19999999999999 20.51
2011.5986 390.60 1.76000000000005 20.9
2011.6178 390.14 1.51999999999998 20.91
2011.6370 389.39 1.71999999999997 19.99
2011.6562 389.52 1.96999999999997 20.31
2011.6753 389.04 2.81 20.85
2011.6945 389.14 2.06 20.54
2011.7137 389.08 2.25999999999999 21.08
2011.7329 388.67 1.86000000000001 21.01
2011.7521 388.77 1.87 20.61
2011.7712 388.80 1.94 20.55
2011.7904 389.03 1.77999999999997 20.75
2011.8096 389.24 1.38 20.43
2011.8288 389.61 1.77000000000004 20.54
2011.8479 389.76 1.58999999999997 20.63
2011.8671 390.44 2 20.58
2011.8863 390.51 1.02999999999997 20.18
2011.9055 391.15 1.63 20.69
2011.9247 391.36 1.49000000000001 20.58
2011.9438 392.01 2.48000000000002 20.67
2011.9630 392.35 2.33000000000004 21.0700000000001
2011.9822 392.20 2.31999999999999 20.48
2012.0014 392.96 1.54999999999995 20.66
2012.0205 393.37 2.25 21.11
2012.0396 392.97 1.56 20.17
2012.0587 393.34 2.16999999999996 20.84
2012.0779 393.24 1.11000000000001 20.49
2012.0970 393.71 2.20999999999998 20.53
2012.1161 393.49 1.90000000000003 20.66
2012.1352 394.44 2.54000000000002 21.36
2012.1544 394.26 2.05000000000001 20.19
2012.1735 393.55 2.07999999999998 19.77
2012.1926 394.27 1.54999999999995 20.22
2012.2117 394.79 1.89000000000004 20
2012.2309 395.12 0.970000000000027 21.02
2012.2500 395.32 2.20999999999998 20.8
2012.2691 396.62 3.78000000000003 22.08
2012.2883 396.16 2.35000000000002 20.92
2012.3074 396.61 3.40000000000003 21.12
2012.3265 396.92 2.90000000000003 20.94
2012.3456 397.12 4.38999999999999 21.66
2012.3648 396.99 2.31999999999999 21.69
2012.3839 396.12 0.970000000000027 20.21
2012.4030 396.30 2.25999999999999 20.06
2012.4221 395.73 2.00999999999999 19.87
2012.4413 396.24 2.60000000000002 20.83
2012.4604 395.57 1.96999999999997 20.16
2012.4795 395.25 1.69 19.96
2012.4986 394.96 1.48999999999995 20.15
2012.5178 394.36 1.08000000000004 19.94
2012.5369 394.47 2.76000000000005 20.48
2012.5560 394.08 2.25999999999999 20.89
2012.5751 393.43 2.12 20.11
2012.5943 393.24 2.54000000000002 20.78
2012.6134 392.49 2.36000000000001 21.03
2012.6325 391.36 1.71000000000004 19.92
2012.6516 391.79 2.51000000000005 21.02
2012.6708 391.86 2.77000000000004 21.64
2012.6899 390.91 1.78000000000003 19.28
2012.7090 390.79 1.63 20.04
2012.7281 390.89 2.22999999999996 20.37
2012.7473 390.81 2 20.98
2012.7664 390.96 2.25 20.83
2012.7855 390.89 1.84999999999997 19.66
2012.8046 391.33 2.09999999999997 20.84
2012.8238 391.56 1.98000000000002 20.26
2012.8429 392.29 2.67000000000002 20.31
2012.8620 393.26 2.81999999999999 21.38
2012.8811 393.16 2.65000000000003 20.31
2012.9003 393.71 2.63 21.01
2012.9194 393.64 2.39999999999998 20.37
2012.9385 394.40 2.51999999999998 20.9
2012.9577 394.53 2.05999999999995 20.8099999999999
2012.9768 394.84 2.66999999999996 20.36
2012.9959 394.50 1.63999999999999 19.85
2013.0151 395.34 2.44 20.71
2013.0342 395.98 2.64000000000004 20.98
2013.0534 395.78 2.42999999999995 20.8
2013.0726 395.77 2.62 20.41
2013.0918 396.63 2.88 21.49
2013.1110 396.97 3.65000000000003 21.71
2013.1301 397.15 2.63999999999999 20.75
2013.1493 396.73 2.58000000000004 20.81
2013.1685 397.65 3.85999999999996 21.36
2013.1877 396.94 2.95999999999998 20.68
2013.2068 397.36 2.63999999999999 21.16
2013.2260 397.96 2.75999999999999 20.89
2013.2452 398.07 2.82999999999998 21.23
2013.2644 397.76 1.19999999999999 20.58
2013.2836 397.96 1.90999999999997 19.88
2013.3027 399.20 2.55000000000001 20.76
2013.3219 399.53 2.70999999999998 20.99
2013.3411 399.52 2.44 21.55
2013.3603 399.74 2.57999999999998 21.32
2013.3795 399.93 3.88 20.68
2013.3986 399.88 3.42000000000002 21.34
2013.4178 399.18 3.50999999999999 20.6
2013.4370 398.61 2.30000000000001 20.19
2013.4562 398.14 2.55000000000001 20.04
2013.4753 398.64 3.11000000000001 20.41
2013.4945 398.24 3.44 20.94
2013.5137 397.74 3.23000000000002 20.99
2013.5329 397.08 2.71999999999997 19.92
2013.5521 396.82 2.58999999999997 20.5
2013.5712 396.68 3.20999999999998 20.82
2013.5904 395.67 2.31 20.87
2013.6096 395.13 2.56 20.33
2013.6288 395.15 3.69999999999999 21.26
2013.6479 394.22 2.41000000000003 20.78
2013.6671 393.85 1.92000000000002 20.53
2013.6863 393.35 2.35000000000002 20.35
2013.7055 393.30 2.55000000000001 20.35
2013.7247 393.38 2.44999999999999 20.01
2013.7438 393.31 2.53000000000003 20.05
2013.7630 393.34 2.31999999999999 20.44
2013.7822 393.68 2.87 20.93
2013.8014 393.98 2.65000000000003 20.45
2013.8205 394.24 2.81 20.82
2013.8397 394.46 2.31 20.54
2013.8589 395.53 2.39999999999998 20.9299999999999
2013.8781 394.87 1.63 19.79
2013.8973 396.00 2.37 20.81
2013.9164 396.26 2.69999999999999 20.91
2013.9356 396.14 1.81 20.16
2013.9548 397.43 2.84000000000003 21.22
2013.9740 397.27 2.49000000000001 21.1
2013.9932 397.41 2.91000000000003 21.05
2014.0123 398.23 2.89000000000004 21.88
2014.0315 397.74 1.74000000000001 20.74
2014.0507 397.97 2.10000000000002 20.76
2014.0699 397.83 2.09999999999997 19.8
2014.0890 397.96 1.47999999999996 20.11
2014.1082 397.87 1.13999999999999 19.4
2014.1274 398.08 0.819999999999993 20.65
2014.1466 397.97 1.16000000000003 20.22
2014.1658 398.43 0.840000000000032 20.18
2014.1849 399.80 2.94 21.03
2014.2041 401.24 3.98000000000002 21.86
2014.2233 400.06 2.11000000000001 21.52
2014.2425 400.62 2.45999999999998 20.9
2014.2616 401.12 3.26999999999998 20.73
2014.2808 401.74 4.59000000000003 21.1
2014.3000 401.59 2.59999999999997 20.96
2014.3192 401.74 2.18000000000001 21.37
2014.3384 401.71 2.12 20.72
2014.3575 401.71 2.02999999999997 21.16
2014.3767 401.75 1.83999999999997 21.46
2014.3959 401.82 1.76999999999998 20.8
2014.4151 401.82 2.63 22.04
2014.4342 401.50 2.89999999999998 21.3
2014.4534 401.03 2.78999999999996 20.98
2014.4726 400.94 2.45999999999998 21.57
2014.4918 400.22 1.91000000000003 21.23
2014.5110 399.84 2.09999999999997 21.53
2014.5301 398.76 1.68000000000001 20.94
2014.5493 398.84 2.16999999999996 22.26
2014.5685 397.42 0.629999999999995 21.07
2014.5877 397.78 1.84999999999997 21.02
2014.6068 397.23 2.04000000000002 21.11
2014.6260 396.77 1.60999999999996 21.03
2014.6452 396.32 1.96999999999997 19.91
2014.6644 396.37 2.43000000000001 22.37
2014.6836 395.02 1.63999999999999 20.64
2014.7027 395.08 1.83999999999997 20.84
2014.7219 395.45 2.09999999999997 21.06
2014.7411 395.33 2.02999999999997 21.16
2014.7603 395.56 2.17000000000002 21.49
2014.7795 395.65 2.08999999999997 21.41
2014.7986 395.86 1.93000000000001 21.24
2014.8178 397.51 3.31 22.46
2014.8370 396.77 2.31 21.44
2014.8562 397.22 1.69000000000005 21.78
2014.8753 397.32 2.58999999999997 20.37
2014.8945 397.87 1.93000000000001 21.1
2014.9137 398.20 2 21.3
2014.9329 399.12 2.95999999999998 21.6
2014.9521 399.11 1.87 21.77
2014.9712 398.92 1.67000000000002 21.14
2014.9904 399.84 2.46999999999997 21.9299999999999
2015.0096 399.85 1.57000000000005 21.69
2015.0288 400.16 2.65000000000003 21.68
2015.0479 399.51 1.38 21.13
2015.0671 400.20 2.38999999999999 21.43
2015.0863 400.23 2.28000000000003 20.86
2015.1055 399.95 2.06 20.73
2015.1247 399.93 1.91000000000003 20.13
2015.1438 401.12 2.97000000000003 20.86
2015.1630 401.28 3.11999999999995 20.0599999999999
2015.1822 402.04 2.41000000000003 21.76
2015.2014 400.78 -0.160000000000025 19.48
2015.2205 401.77 1.69 21.84
2015.2397 401.96 1.44999999999999 19.83
2015.2589 403.44 2.26999999999998 21.1
2015.2781 404.04 2.48000000000002 21.97
2015.2973 403.07 1.56 20.78
2015.3164 403.80 2.03000000000003 21.02
2015.3356 404.13 2.38999999999999 22.51
2015.3548 403.96 2.64999999999998 21.82
2015.3740 403.97 2.07000000000005 21.25
2015.3932 403.81 2.19999999999999 20.85
2015.4123 403.21 1.28999999999996 20.4
2015.4315 403.24 1.87 20.69
2015.4507 402.39 1.07999999999998 19.98
2015.4699 402.70 1.70999999999998 20.84
2015.4890 402.17 1.88 20.88
2015.5082 401.73 1.87 20.83
2015.5274 401.39 2.22999999999996 20.31
2015.5466 401.25 2.72000000000003 20.6
2015.5658 400.21 2.40999999999997 20.15
2015.5849 398.36 0.670000000000016 18.75
2015.6041 399.19 1.96999999999997 20.16
2015.6233 399.14 2.25999999999999 20.4
2015.6425 398.85 2.43000000000001 20.93
2015.6616 398.49 2.13999999999999 20.6
2015.6808 397.77 2.69 20.55
2015.7000 397.24 2.25 20.98
2015.7192 397.33 1.82999999999998 21.06
2015.7384 397.20 1.88999999999999 20.7
2015.7575 398.37 2.79000000000002 21.68
2015.7767 398.18 2.56999999999999 21.27
2015.7959 398.52 2.66999999999996 1398.51
2015.8151 398.48 1.15000000000003 20.96
2015.8342 399.06 2.29000000000002 21.23
2015.8534 400.43 3.32999999999998 22.48
2015.8726 400.35 2.94 21.49
2015.8918 400.37 2.66000000000003 21.78
2015.9110 400.80 2.65000000000003 21.78
2015.9301 401.31 2.29000000000002 21.38
2015.9493 402.35 3.25 22.13
2015.9685 402.60 3.63 22.36
2015.9877 402.08 2.49000000000001 21.54
2016.0068 402.15 2.25999999999999 20.97
2016.0260 402.48 2.36000000000001 21.18
2016.0451 402.61 3.10000000000002 21.07
2016.0642 403.15 3.09999999999997 21.51
2016.0833 404.60 4.38 22.83
2016.1025 403.86 3.79000000000002 21.5
2016.1216 403.68 3.82999999999998 21.29
2016.1407 404.39 3.34999999999997 22.37
2016.1598 404.17 3.03000000000003 21.96
2016.1790 404.00 2.10000000000002 21.11
2016.1981 404.78 3.73999999999995 21.78
2016.2172 405.66 4.21000000000004 22.9
2016.2363 405.45 3 23.02
2016.2555 406.60 3.65000000000003 22.19
2016.2746 408.72 4.60000000000002 24.04
2016.2937 407.45 4.25 22.63
2016.3128 407.81 4.17000000000002 23.07
2016.3320 407.56 3.45999999999998 22.55
2016.3511 407.86 4.00999999999999 22.85
2016.3702 407.31 3.24000000000001 21.99
2016.3893 408.33 4.53999999999996 23.42
2016.4085 407.55 4.18000000000001 22.9
2016.4276 406.88 3.57999999999998 22.73
2016.4467 407.22 4.80000000000001 22.99
2016.4658 406.66 3.88000000000005 22.8
2016.4850 405.99 3.87 22.66
2016.5041 405.59 3.81 22.47
2016.5232 404.50 2.82999999999998 21.72
2016.5423 403.41 2.45000000000005 21.61
2016.5615 403.85 3.42000000000002 21.78
2016.5806 403.49 5.06 22.28
2016.5997 402.90 3.65999999999997 22.1
2016.6189 401.87 2.76999999999998 21.67
2016.6380 401.99 3.01999999999998 22.13
2016.6571 401.00 2.50999999999999 21.68
2016.6762 400.99 3.07999999999998 22.21
2016.6954 401.35 4.05000000000001 22.27
2016.7145 400.89 3.57999999999998 22.26
2016.7336 400.74 3.49000000000001 21.77
2016.7527 400.93 2.42000000000002 22.06
2016.7719 401.59 3.56 22.71
2016.7910 401.67 3.18000000000001 22.75
2016.8101 402.09 3.58999999999997 22.54
2016.8292 402.83 3.88999999999999 23.2
2016.8484 402.78 2.72999999999996 22.99
2016.8675 403.76 3.17000000000002 23.78
2016.8866 404.00 3.69999999999999 23.44
2016.9057 404.40 3.64999999999998 23.11
2016.9249 403.89 2.63999999999999 22.41
2016.9440 404.79 2.41000000000003 22.99
2016.9631 404.43 1.80000000000001 22.31
2016.9822 404.78 2.69 22.72
2017.0014 405.95 3.88 23.87
2017.0205 406.02 3.62 23.1
2017.0397 406.18 3.55000000000001 23.98
2017.0589 406.52 3.35999999999996 22.61
2017.0781 406.24 2.36000000000001 22.63
2017.0973 406.07 1.69 22.7
2017.1164 405.95 2.44999999999999 20.96
2017.1356 406.95 2.50999999999999 22.47
2017.1548 407.41 3.16000000000003 23.37
2017.1740 406.15 2.38 22.6799999999999
2017.1932 407.10 2.37 22.71
2017.2123 406.82 1.29000000000002 21.54
2017.2315 408.41 2.82000000000005 22.53
2017.2507 407.64 1.41999999999996 21.82
2017.2699 408.89 0.0500000000000114 23.07
2017.2890 409.65 2.13999999999999 22.16
2017.3082 409.96 2.26999999999998 23.11
2017.3274 409.17 1.47000000000003 22.73
2017.3466 409.32 1.52999999999997 22.84
2017.3658 410.40 2.98999999999995 24.1
2017.3849 410.00 1.81999999999999 23.21
2017.4041 409.57 1.93000000000001 22.65
2017.4233 409.69 2.89999999999998 22.88
2017.4425 409.43 2.13 23.07
2017.4616 408.31 1.5 22.7
2017.4808 407.76 1.78999999999996 22.6
2017.5000 408.04 2.37 22.78
2017.5192 407.06 2.53000000000003 21.99
2017.5384 406.81 3.13 22.83
2017.5575 406.73 3.09000000000003 22.92
2017.5767 406.47 2.91000000000003 23.79
2017.5959 405.53 2.44 23.15
2017.6151 405.20 3.27999999999997 23.4
2017.6342 404.54 2.55000000000001 22.43
2017.6534 404.23 3.25 22.7
2017.6726 403.70 2.69999999999999 22.28
2017.6918 403.68 2.48000000000002 23.09
2017.7110 403.05 1.94999999999999 22.24
2017.7301 402.76 2.03999999999996 22.02
2017.7493 402.95 2.09999999999997 22.1
2017.7685 403.40 1.89999999999998 22.53
2017.7877 403.95 2.27999999999997 22.85
2017.8068 404.00 2.14999999999998 22.56
2017.8260 404.15 1.28999999999996 22.4
2017.8452 404.25 1.32999999999998 22.2
2017.8644 405.07 1.61000000000001 22.68
2017.8836 406.12 2.28000000000003 23.13
2017.9027 406.33 1.74000000000001 23.47
2017.9219 406.74 2.80000000000001 23.09
2017.9411 406.53 1.90999999999997 22.83
2017.9603 406.83 2.27999999999997 22.57
2017.9795 407.21 2.51999999999998 23.1
2017.9986 407.37 1.56 22.62
2018.0178 408.14 2.07999999999998 23.73
2018.0370 407.89 1.75999999999999 21.95
2018.0562 408.27 1.38999999999999 22.05
2018.0753 407.88 1.81999999999999 21.3
2018.0945 408.20 2.06 22.17
2018.1137 408.37 2.39999999999998 22.45
2018.1329 408.45 1.68000000000001 23.26
2018.1521 408.90 1.50999999999999 23.61
2018.1712 409.83 3.22999999999996 23.88
2018.1904 408.84 1.73999999999995 23.19
2018.2096 409.12 2.5 23.2
2018.2288 410.03 1.71999999999997 23.26
2018.2479 409.20 1.44 20.81
2018.2671 409.45 0.810000000000002 22.83
2018.2863 411.05 1.48000000000002 24.5
2018.3055 411.67 1.69999999999999 24.22
2018.3247 409.62 0.560000000000002 22.42
2018.3438 411.06 1.57999999999998 22.29
2018.3630 411.85 1.68000000000001 22.97
2018.3822 411.45 1.42000000000002 22.62
2018.4014 411.39 1.80000000000001 22.75
2018.4205 410.94 1.18000000000001 22.53
2018.4397 411.16 1.63000000000005 23.62
2018.4589 410.36 1.99000000000001 22.65
2018.4781 410.57 2.64999999999998 23.24
2018.4973 409.38 1.46999999999997 1409.37
2018.5164 409.16 2.12 1409.15
2018.5356 408.54 1.62 1408.53
2018.5548 408.28 1.5 22.32
2018.5740 407.46 0.96999999999997 22.39
2018.5932 407.23 1.68000000000001 22.14
2018.6123 407.07 1.68000000000001 23.17
2018.6315 406.84 2.31 23.27
2018.6507 406.26 1.95999999999998 22.98
2018.6699 405.47 1.55000000000001 21.99
2018.6890 405.39 1.81 22.34
2018.7082 405.69 2.52999999999997 22.37
2018.7274 405.54 2.74000000000001 22.52
2018.7466 405.50 2.58999999999997 22.73
2018.7658 405.58 2.19999999999999 22.8
2018.7849 406.00 2.19 23.08
2018.8041 406.62 2.57999999999998 23.58
2018.8233 406.48 2.41000000000003 22.52
2018.8425 406.99 2.73000000000002 23.19
2018.8616 408.72 3.83000000000004 24.5700000000001
2018.8808 408.60 2.56 24.18
2018.9000 408.38 2.11000000000001 23.9
2018.9192 408.49 1.67000000000002 23.38
2018.9384 409.40 3.12 24.01
2018.9575 409.30 2.41000000000003 23.74
2018.9767 409.13 1.90999999999997 23.15
2018.9959 409.60 2.21000000000004 23.35
2019.0151 410.67 2.81999999999999 24.26
2019.0342 410.35 2.35000000000002 23.21
2019.0534 411.98 3.67000000000002 24.82
2019.0726 411.02 3.06999999999999 23.45
2019.0918 411.62 3.81 24.63
2019.1110 412.40 3.84999999999997 25.23
2019.1301 410.98 2.53000000000003 23.37
2019.1493 412.40 3.62 23.98
2019.1685 412.16 2.38000000000005 23.19
2019.1877 412.16 3.14000000000004 23.45
2019.2068 411.82 2.75999999999999 23.54
2019.2260 411.32 1.42000000000002 22.01
2019.2452 412.19 3.04000000000002 23.06
2019.2644 413.14 3.68000000000001 23.64
2019.2836 413.60 2.61000000000001 24.94
2019.3027 413.77 2.06999999999999 23.83
2019.3219 414.29 4.45000000000005 23.93
2019.3411 414.32 3.55000000000001 24.53
2019.3603 415.40 3.56 25.28
2019.3795 414.74 3.30000000000001 24.21
2019.3986 414.30 2.72000000000003 24.15
2019.4178 414.39 3.52999999999997 24.33
2019.4370 414.08 2.85999999999996 23.91
2019.4562 413.86 3.48000000000002 24.66
2019.4753 413.41 2.68000000000001 24.87
2019.4945 413.42 3.85000000000002 24.79
2019.5137 412.08 3.00999999999999 23.6
2019.5329 412.14 3.56 23.94
2019.5521 410.84 2.47999999999996 23.1799999999999
2019.5712 410.06 2.50999999999999 22.78
2019.5904 410.34 3.00999999999999 23.27
2019.6096 410.27 3.19999999999999 24.32
2019.6288 409.57 2.67000000000002 23.86
2019.6479 409.44 2.95999999999998 23.66
2019.6671 408.81 3.31 23.7
2019.6863 408.59 3.27999999999997 23.9
2019.7055 408.50 2.82999999999998 23.91
2019.7247 408.32 2.69 23.59
2019.7438 407.96 2.46999999999997 24.11
2019.7630 408.38 2.88 24.32
2019.7822 408.62 2.63 24.17
2019.8014 408.72 2.11000000000001 23.98
2019.8205 409.29 2.86000000000001 24.23
2019.8397 409.90 2.90999999999997 24.48
2019.8589 410.19 1.27999999999997 24.43
2019.8781 410.19 1.67000000000002 23.83
2019.8973 410.72 2.30000000000001 24.21
2019.9164 411.07 2.59999999999997 23.99
2019.9356 411.32 2.09999999999997 24.42
2019.9548 411.89 2.56999999999999 1411.88
2019.9740 412.21 2.96999999999997 24.04
2019.9932 412.99 3.44 24.32
2020.0123 413.38 3.44999999999999 25.17
2020.0314 412.80 2.12 24.39
2020.0505 413.66 1.47000000000003 25.39
2020.0697 414.03 2.97999999999996 24.66
2020.0888 414.30 3.19999999999999 23.63
2020.1079 414.40 1.69999999999999 24.08
2020.1270 414.06 2.83999999999997 23.61
2020.1462 413.72 1.47000000000003 25
2020.1653 413.86 1.94 22.48
2020.1844 414.11 1.54000000000002 22.84
2020.2036 414.28 2.50999999999999 23.05
2020.2227 415.52 4.25999999999999 24.75
2020.2418 415.75 3.38 24.28
2020.2609 416.45 3.77999999999997 25.33
2020.2801 416.27 2.63999999999999 23.42
2020.2992 415.88 2.17000000000002 22.63
2020.3183 416.82 2.37 23.64
2020.3374 416.83 2.71999999999997 23.85
2020.3566 416.79 1.48000000000002 24.11
2020.3757 416.97 2.25 23.51
2020.3948 417.43 3.03000000000003 24.8
